within 1,within 0,between,Accuracy
1.600000023841858,1.092820405960083,3.740180492401123,0.09960000216960907
1.092820405960083,2.3313708305358887,3.551326036453247,0.05820000171661377
2.1656854152679443,1.9313709735870361,2.0585055351257324,0.09600000083446503
1.2000000476837158,0.800000011920929,0.9656854867935181,0.1168999969959259
0.4000000059604645,2.3313708305358887,0.9656854867935181,0.1793999969959259
1.7656854391098022,1.2000000476837158,2.8970563411712646,0.28299999237060547
0.4000000059604645,1.600000023841858,2.6241912841796875,0.3619000017642975
0.0,1.9313709735870361,3.0441465377807617,0.42089998722076416
0.4000000059604645,1.2000000476837158,3.171281337738037,0.4894999861717224
0.800000011920929,1.9313709735870361,2.955562114715576,0.5325999855995178
0.800000011920929,2.1656854152679443,3.0826969146728516,0.5414000153541565
1.3656854629516602,3.209831714630127,3.51861834526062,0.5421000123023987
1.8601125478744507,3.4241912364959717,3.4241912364959717,0.5432000160217285
1.3656854629516602,2.955562114715576,3.7856407165527344,0.5471000075340271
1.1313707828521729,2.458505868911743,4.1761016845703125,0.5665000081062317
1.600000023841858,2.292820453643799,3.751077175140381,0.588699996471405
1.9313709735870361,2.4784607887268066,4.325028419494629,0.614799976348877
0.800000011920929,1.6585057973861694,3.65850567817688,0.6365000009536743
1.7656854391098022,3.0441465377807617,4.06892204284668,0.646399974822998
2.9170114994049072,2.458505868911743,4.081674575805664,0.6449999809265137
3.248966932296753,2.3872475624084473,4.223736763000488,0.6389999985694885
2.2627415657043457,2.5856406688690186,4.6836442947387695,0.6385999917984009
3.3170113563537598,2.185640811920166,3.6784610748291016,0.6510999798774719
3.076852321624756,3.0441462993621826,4.330916404724121,0.6708999872207642
2.0970563888549805,2.0585057735443115,4.4412665367126465,0.6876999735832214
2.224191188812256,0.800000011920929,3.665708541870117,0.6977999806404114
1.6585057973861694,1.9313709735870361,4.2128400802612305,0.7020000219345093
1.8928203582763672,2.0585057735443115,4.072616100311279,0.7070000171661377
1.092820405960083,2.3513262271881104,3.3914833068847656,0.7103999853134155
2.5529329776763916,2.6241912841796875,4.633814811706543,0.7045000195503235
1.7656854391098022,2.458505868911743,3.83830189704895,0.6978999972343445
1.3656854629516602,2.751326084136963,4.151120662689209,0.7080000042915344
0.9656854867935181,2.8585057258605957,4.368649959564209,0.7232999801635742
0.9656854867935181,2.497056484222412,4.425797939300537,0.7480000257492065
0.800000011920929,2.565685510635376,3.9744949340820312,0.7545999884605408
1.8241910934448242,1.9313709735870361,4.261470317840576,0.7462000250816345
1.3656854629516602,2.7898764610290527,4.188854217529297,0.7414000034332275
2.458505868911743,2.565685510635376,3.658505916595459,0.7465000152587891
2.6241912841796875,2.751326084136963,4.027155876159668,0.7558000087738037
2.078460931777954,2.3898766040802,3.9545395374298096,0.7669000029563904
1.2000000476837158,2.0585057735443115,4.34683895111084,0.7699000239372253
1.2000000476837158,1.6585057973861694,3.4928202629089355,0.7674000263214111
2.0970561504364014,2.6627418994903564,4.261470317840576,0.7667999863624573
2.49442720413208,0.800000011920929,4.283281326293945,0.7685999870300293
1.6585057973861694,1.9313709735870361,4.154290676116943,0.7785000205039978
1.9313709735870361,1.492820382118225,4.377708435058594,0.7778000235557556
1.8928203582763672,2.224191188812256,3.740180492401123,0.7627000212669373
1.7656854391098022,2.8257980346679688,4.1761016845703125,0.7591000199317932
1.7656854391098022,2.5170114040374756,4.4721360206604,0.7631999850273132
1.7656854391098022,1.7656854391098022,4.1761016845703125,0.7764999866485596
2.458505868911743,2.952932834625244,4.1761016845703125,0.7937999963760376
3.024191379547119,1.3656854629516602,4.261470317840576,0.8016999959945679
1.9513260126113892,2.0585057735443115,4.454018592834473,0.7926999926567078
1.600000023841858,2.3313708305358887,4.081674575805664,0.767799973487854
2.3313708305358887,2.1656854152679443,3.1513261795043945,0.7645000219345093
1.2000000476837158,3.0441465377807617,4.059863567352295,0.7731999754905701
1.3656854629516602,2.2627415657043457,4.261470317840576,0.7807000279426575
2.0,1.3656854629516602,4.081674575805664,0.7961999773979187
2.751326084136963,3.2585060596466064,3.880067825317383,0.8021000027656555
1.3656854629516602,3.0826969146728516,3.7856407165527344,0.800599992275238
2.2601125240325928,2.3313708305358887,3.9744949340820312,0.7982000112533569
1.8928203582763672,2.292820453643799,4.2742228507995605,0.796999990940094
2.0585057735443115,2.0970561504364014,4.283281326293945,0.796999990940094
1.600000023841858,1.2000000476837158,3.892820358276367,0.7982000112533569
1.9313709735870361,2.1656854152679443,4.438096046447754,0.7961999773979187
3.02419114112854,2.6928203105926514,3.767043352127075,0.7907999753952026
2.6241912841796875,2.0970561504364014,3.892820358276367,0.798799991607666
1.600000023841858,1.3656854629516602,4.642873287200928,0.8155999779701233
0.4000000059604645,2.8970563411712646,3.9000210762023926,0.82669997215271
2.224191188812256,2.6241912841796875,3.847360134124756,0.8356000185012817
1.7656854391098022,2.497056484222412,4.454018592834473,0.8371999859809875
1.8928203582763672,1.9313709735870361,4.454018592834473,0.8331000208854675
0.4000000059604645,1.9313709735870361,3.7856407165527344,0.8294000029563904
1.7656854391098022,3.131371021270752,4.081674575805664,0.8313999772071838
1.2000000476837158,1.3656854629516602,3.880067825317383,0.8458999991416931
2.6241912841796875,2.8970563411712646,4.617892265319824,0.8550000190734863
0.5656853914260864,1.7656854391098022,3.9872474670410156,0.852400004863739
1.092820405960083,0.5656853914260864,3.6457533836364746,0.8453999757766724
1.9513260126113892,1.9313709735870361,3.551326036453247,0.8442000150680542
2.0585057735443115,2.751326084136963,4.167043209075928,0.8407999873161316
1.3656854629516602,3.0441465377807617,4.2742228507995605,0.8454999923706055
2.497056484222412,1.9313709735870361,4.261470794677734,0.8539000153541565
1.5313708782196045,3.062741756439209,4.188854217529297,0.8629999756813049
2.7898764610290527,1.3656854629516602,4.081674575805664,0.8626000285148621
2.6241910457611084,2.8726162910461426,3.9744949340820312,0.8564000129699707
1.492820382118225,1.6970561742782593,4.2832818031311035,0.8585000038146973
2.789876699447632,2.224191188812256,4.813611030578613,0.8652999997138977
1.600000023841858,1.7656854391098022,4.2742228507995605,0.8697999715805054
3.1898767948150635,2.292820453643799,4.2742228507995605,0.8705000281333923
1.9313709735870361,2.0585057735443115,4.377708911895752,0.8651000261306763
1.7656854391098022,2.0585057735443115,3.880067825317383,0.8626999855041504
1.8928203582763672,2.0585057735443115,4.1761016845703125,0.8640000224113464
2.1656854152679443,2.8585057258605957,3.9545395374298096,0.8661999702453613
1.2585057020187378,2.0585057735443115,4.188854217529297,0.8634999990463257
2.1656854152679443,2.3313708305358887,4.245547771453857,0.8636999726295471
3.1186184883117676,2.224191188812256,4.094427108764648,0.8684999942779541
3.0826969146728516,1.8928203582763672,4.368649959564209,0.875
3.0441462993621826,2.0970561504364014,4.261470317840576,0.8792999982833862
2.3898766040802,1.7656854391098022,4.283281326293945,0.8748999834060669
2.292820453643799,2.0585057735443115,4.331370830535889,0.8683000206947327
2.3898766040802,1.8928203582763672,3.9327285289764404,0.8659999966621399
2.0,1.7856407165527344,3.8601126670837402,0.8716999888420105
1.600000023841858,0.9656854867935181,3.6784610748291016,0.8748000264167786
1.092820405960083,2.224191188812256,4.2128400802612305,0.8795999884605408
1.7656854391098022,2.7898764610290527,4.188854217529297,0.8824999928474426
1.3656854629516602,2.1111667156219482,4.377708911895752,0.8823999762535095
2.0970563888549805,2.3513262271881104,3.880067825317383,0.8759999871253967
2.292820453643799,2.5170114040374756,4.081675052642822,0.8707000017166138
0.800000011920929,1.8928203582763672,3.9872474670410156,0.8698999881744385
1.9313709735870361,1.1313707828521729,4.06892204284668,0.8769000172615051
1.3656854629516602,2.6241912841796875,4.617892265319824,0.8845000267028809
1.6585056781768799,2.6241910457611084,3.9744954109191895,0.8820000290870667
2.9170114994049072,3.297056198120117,4.138368129730225,0.8787000179290771
3.0441465377807617,2.7898764610290527,4.274223327636719,0.8828999996185303
2.8284270763397217,2.1656854152679443,3.880067825317383,0.8953999876976013
1.7656854391098022,1.600000023841858,4.318618297576904,0.9009000062942505
2.3898766040802,1.9313709735870361,3.9872474670410156,0.8967000246047974
0.800000011920929,2.3313708305358887,4.34683895111084,0.8924999833106995
2.497056484222412,1.600000023841858,3.4241912364959717,0.8927000164985657
1.5313708782196045,2.565685510635376,3.6784610748291016,0.8930000066757202
3.024191379547119,2.5170114040374756,4.245547771453857,0.8952999711036682
2.751326084136963,2.224191188812256,3.880067825317383,0.8974999785423279
2.497056484222412,0.0,3.9744949340820312,0.8989999890327454
2.0585057735443115,2.3313708305358887,3.9872474670410156,0.9038000106811523
1.3656854629516602,1.7656854391098022,3.77288818359375,0.9083999991416931
1.600000023841858,1.6585057973861694,3.6816744804382324,0.8991000056266785
2.224191188812256,2.497056484222412,3.77288818359375,0.8870999813079834
2.9170114994049072,2.458505868911743,4.261470317840576,0.8870000243186951
2.1656854152679443,2.2601125240325928,3.825549364089966,0.890500009059906
2.224191188812256,3.51861834526062,4.35272741317749,0.8967000246047974
2.292820453643799,2.497056484222412,4.339974880218506,0.9027000069618225
1.9313709735870361,2.6241912841796875,4.1761016845703125,0.9045000076293945
2.292820453643799,2.565685510635376,3.880067825317383,0.9061999917030334
2.5170114040374756,2.497056484222412,3.9109179973602295,0.9090999960899353
2.2627415657043457,1.3656854629516602,4.059863567352295,0.9101999998092651
2.7898764610290527,1.3656854629516602,3.9872474670410156,0.9061999917030334
2.0970563888549805,3.551326036453247,3.8473598957061768,0.9013000130653381
2.185640811920166,3.3856406211853027,3.9744949340820312,0.8906999826431274
2.6241912841796875,1.600000023841858,4.261470317840576,0.8865000009536743
2.3313708305358887,1.492820382118225,3.8601126670837402,0.8981000185012817
1.2000000476837158,2.224191188812256,4.377708911895752,0.9093000292778015
2.3513262271881104,2.1656854152679443,4.188854217529297,0.9132999777793884
1.9313709735870361,1.3656854629516602,4.463077068328857,0.9083999991416931
2.224191188812256,1.7656854391098022,4.0,0.9007999897003174
2.0585057735443115,1.9313709735870361,4.167043209075928,0.9025999903678894
2.6241912841796875,1.6585057973861694,4.633814811706543,0.907800018787384
1.2585057020187378,1.9313709735870361,3.9872474670410156,0.9136000275611877
1.5313708782196045,2.7313709259033203,3.9872474670410156,0.9165999889373779
1.7656854391098022,1.9513260126113892,3.7529327869415283,0.9153000116348267
2.6241910457611084,1.8241910934448242,3.9872474670410156,0.9110999703407288
3.0826969146728516,1.2000000476837158,3.847360134124756,0.9121000170707703
3.0441465377807617,1.600000023841858,4.081674575805664,0.914900004863739
3.02419114112854,0.9656854867935181,3.9872474670410156,0.9157000184059143
2.3513262271881104,2.292820453643799,4.383577823638916,0.9182000160217285
2.7898764610290527,2.3313708305358887,3.8582568168640137,0.9121000170707703
1.2000000476837158,2.224191188812256,4.2742228507995605,0.9135000109672546
1.8928203582763672,3.0441465377807617,3.7856407165527344,0.9132999777793884
2.497056245803833,1.3656854629516602,4.274223327636719,0.9146999716758728
2.3313708305358887,3.0441462993621826,4.2742228507995605,0.917900025844574
2.3513259887695312,2.8284270763397217,4.081674575805664,0.9197999835014343
2.7898764610290527,1.8928203582763672,4.34683895111084,0.9203000068664551
2.751326084136963,1.7656854391098022,3.551326036453247,0.920799970626831
2.6241912841796875,1.3656854629516602,4.261470317840576,0.921500027179718
1.2000000476837158,2.458505868911743,3.7856407165527344,0.9175999760627747
2.2601125240325928,1.9872474670410156,4.34683895111084,0.9146999716758728
2.6241912841796875,1.2000000476837158,4.245547771453857,0.9146000146865845
1.9313709735870361,1.7856407165527344,4.188854217529297,0.9147999882698059
2.497056484222412,2.0,4.081674575805664,0.9190999865531921
2.497056484222412,1.600000023841858,3.847360134124756,0.9217000007629395
1.9313709735870361,2.497056484222412,3.7656853199005127,0.9178000092506409
0.9656854867935181,2.9170117378234863,3.77288818359375,0.9158999919891357
1.3656854629516602,2.15293288230896,3.9872474670410156,0.9139999747276306
2.0,1.600000023841858,4.355897903442383,0.9144999980926514
2.1656854152679443,1.5313708782196045,3.6457531452178955,0.9132000207901001
1.9313709735870361,2.0585057735443115,3.317011594772339,0.9150999784469604
1.7656854391098022,2.1656854152679443,3.6784610748291016,0.9200999736785889
2.8585057258605957,2.1656854152679443,3.77288818359375,0.9259999990463257
2.0585057735443115,1.9313709735870361,3.7856407165527344,0.928600013256073
2.458505868911743,2.955562114715576,4.223736763000488,0.9261999726295471
2.9170114994049072,1.7656854391098022,3.5313708782196045,0.9244999885559082
2.3313708305358887,0.9656854867935181,4.2742228507995605,0.9258000254631042
1.7656854391098022,2.185640811920166,4.167043209075928,0.9289000034332275
1.2000000476837158,1.3656854629516602,3.7111668586730957,0.9312000274658203
2.292820453643799,1.8241910934448242,4.081674575805664,0.930899977684021
2.0585055351257324,2.458505868911743,4.232795715332031,0.9272000193595886
2.224191188812256,2.224191188812256,3.5385735034942627,0.9218999743461609
2.3898766040802,2.5170114040374756,4.094427108764648,0.9151999950408936
2.6627416610717773,3.060112476348877,4.4412665367126465,0.920799970626831
2.497056484222412,2.955562114715576,4.154290676116943,0.9254999756813049
2.292820453643799,2.0585057735443115,4.145232200622559,0.9297000169754028
1.7656854391098022,2.224191188812256,3.9744949340820312,0.9296000003814697
2.1656854152679443,1.7656854391098022,4.532523155212402,0.9273999929428101
2.6241912841796875,2.497056484222412,4.368649959564209,0.9254999756813049
2.751326084136963,2.497056484222412,4.283281326293945,0.9240999817848206
2.8970563411712646,2.1656854152679443,4.532523155212402,0.9247000217437744
2.0585057735443115,1.7656854391098022,3.880067825317383,0.9259999990463257
1.9313709735870361,1.6585057973861694,4.094427108764648,0.9269000291824341
2.6627416610717773,3.0800678730010986,3.9872474670410156,0.9291999936103821
2.3313708305358887,3.3170113563537598,3.952683925628662,0.9279999732971191
2.6241912841796875,1.9313709735870361,3.77288818359375,0.925000011920929
1.9313709735870361,2.497056484222412,3.880067825317383,0.9258999824523926
0.9656854867935181,3.024191379547119,4.145232200622559,0.9283999800682068
2.751326084136963,1.6970561742782593,3.3696722984313965,0.9283999800682068
1.7656854391098022,2.751326084136963,4.368649959564209,0.9258000254631042
1.3656854629516602,1.7656854391098022,4.094427108764648,0.9222999811172485
1.2000000476837158,1.8928203582763672,4.081674575805664,0.9210000038146973
3.024191379547119,2.497056484222412,3.7856407165527344,0.921999990940094
2.5856406688690186,3.4241912364959717,3.9872474670410156,0.9289000034332275
1.3656854629516602,2.292820453643799,3.4114387035369873,0.9315000176429749
1.9313709735870361,1.7656854391098022,4.188854217529297,0.9309999942779541
2.224191188812256,2.7898764610290527,3.740180492401123,0.9247999787330627
2.458505868911743,1.600000023841858,3.5712814331054688,0.9229999780654907
1.3656854629516602,2.3313708305358887,3.551326036453247,0.9225999712944031
2.8585057258605957,1.6585057973861694,3.77288818359375,0.9228000044822693
2.3313708305358887,2.224191188812256,4.059863567352295,0.9265000224113464
2.6241912841796875,2.2627415657043457,3.4114387035369873,0.929099977016449
1.9313709735870361,2.7898764610290527,4.081674575805664,0.930899977684021
0.4000000059604645,2.1656854152679443,4.072616100311279,0.9300000071525574
2.1656854152679443,2.224191188812256,4.674222946166992,0.9261000156402588
1.9313709735870361,2.6241910457611084,3.952683925628662,0.9204999804496765
2.0585057735443115,2.0585057735443115,4.463077545166016,0.9215999841690063
2.6241912841796875,2.3898766040802,4.463077545166016,0.9265999794006348
1.9313709735870361,2.3313708305358887,4.432208061218262,0.9287999868392944
1.9313709735870361,2.7898764610290527,4.081674575805664,0.9311000108718872
1.3656854629516602,1.9313709735870361,4.283281326293945,0.9340999722480774
1.9313709735870361,1.8241910934448242,3.6784610748291016,0.9348999857902527
1.9313709735870361,2.3313708305358887,4.167043209075928,0.933899998664856
2.3313708305358887,1.2000000476837158,3.551326036453247,0.9284999966621399
2.6241912841796875,2.6241912841796875,4.167043209075928,0.9253000020980835
1.492820382118225,2.5856406688690186,3.6457533836364746,0.9243999719619751
1.600000023841858,2.0970561504364014,4.2742228507995605,0.926800012588501
1.9313709735870361,2.497056245803833,4.081674575805664,0.9302999973297119
2.224191188812256,1.7656854391098022,4.081674575805664,0.9337999820709229
2.6241912841796875,2.8257980346679688,4.283281326293945,0.9350000023841858
3.0441465377807617,2.7898764610290527,4.188854217529297,0.9336000084877014
3.024191379547119,2.9170117378234863,4.188854217529297,0.9264000058174133
2.1656854152679443,2.3513259887695312,4.377708911895752,0.9258999824523926
2.751326084136963,3.1186184883117676,4.441266059875488,0.9287999868392944
2.1656854152679443,1.9513260126113892,4.188854217529297,0.9359999895095825
1.3656854629516602,2.0585057735443115,4.167043209075928,0.9337000250816345
1.092820405960083,1.2000000476837158,4.359591484069824,0.9318000078201294
0.800000011920929,0.9656854867935181,3.9872474670410156,0.9312999844551086
1.8241910934448242,1.7656854391098022,4.2832818031311035,0.9330999851226807
2.0585057735443115,0.6928203105926514,4.179795742034912,0.9348999857902527
1.9313709735870361,2.5856406688690186,4.712319374084473,0.9362000226974487
1.092820405960083,2.6928203105926514,3.9872474670410156,0.9347000122070312
2.1656854152679443,1.7656854391098022,4.081675052642822,0.930899977684021
2.1656854152679443,3.245753526687622,4.463077545166016,0.9301999807357788
2.3313708305358887,2.185640811920166,4.11252498626709,0.9294999837875366
2.458505868911743,2.8585057258605957,4.2742228507995605,0.9334999918937683
2.3313708305358887,3.0826969146728516,4.541581630706787,0.9368000030517578
2.3898766040802,2.458505630493164,3.892820358276367,0.9386000037193298
1.1313707828521729,1.9313709735870361,3.9872474670410156,0.9391000270843506
2.224191188812256,3.2585060596466064,3.9872474670410156,0.9381999969482422
2.7898764610290527,1.7856407165527344,4.355897903442383,0.9383000135421753
1.3656854629516602,2.224191188812256,3.9654364585876465,0.9366000294685364
1.9313709735870361,1.6970561742782593,3.9545397758483887,0.9340999722480774
2.638301372528076,1.3656854629516602,4.094427108764648,0.9283999800682068
2.0970563888549805,1.9313709735870361,3.9545395374298096,0.9271000027656555
1.9313709735870361,1.2000000476837158,4.072616100311279,0.925599992275238
2.991483449935913,2.458505868911743,3.860112428665161,0.9275000095367432
1.3656854629516602,1.9313709735870361,4.0,0.9366000294685364
1.7656854391098022,2.0970563888549805,3.7529327869415283,0.9398000240325928
2.9111666679382324,2.3313708305358887,4.059863567352295,0.9415000081062317
2.5170114040374756,1.3656854629516602,4.245547771453857,0.9384999871253967
2.751326084136963,2.3898766040802,4.432208061218262,0.934499979019165
3.0826969146728516,1.7856407165527344,4.377708911895752,0.9322999715805054
2.3898766040802,2.9170114994049072,4.151120662689209,0.9336000084877014
2.458505868911743,1.9313709735870361,4.283281326293945,0.9358999729156494
2.6241912841796875,2.3513262271881104,4.167043209075928,0.9373000264167786
0.800000011920929,2.6241912841796875,4.167043209075928,0.9394999742507935
3.0441465377807617,2.7712812423706055,4.261470317840576,0.9383999705314636
2.3513259887695312,1.7656854391098022,4.283281326293945,0.9391000270843506
1.9313709735870361,2.458505868911743,4.270528793334961,0.9398000240325928
2.497056484222412,2.3898766040802,4.642873287200928,0.9419000148773193
2.0585057735443115,2.292820453643799,4.176102161407471,0.9433000087738037
1.6585056781768799,2.0585057735443115,4.283281326293945,0.9430000185966492
2.497056245803833,1.9313709735870361,3.892820358276367,0.9415000081062317
1.2000000476837158,1.3656854629516602,3.892820358276367,0.9398999810218811
1.9313709735870361,0.6928203105926514,4.346839427947998,0.9384999871253967
1.7656854391098022,1.600000023841858,4.081674575805664,0.9365000128746033
1.2000000476837158,2.497056484222412,4.261470317840576,0.9336000084877014
2.6241912841796875,2.3313708305358887,4.1761016845703125,0.9333000183105469
2.8726162910461426,1.3856406211853027,4.274223327636719,0.9350000023841858
1.9313709735870361,1.7656854391098022,3.9654364585876465,0.9376000165939331
2.0585057735443115,1.5313708782196045,4.368649959564209,0.9390000104904175
0.9656854867935181,2.6241910457611084,4.261470794677734,0.9404000043869019
1.7656854391098022,2.185640811920166,4.633814811706543,0.9394000172615051
1.7656854391098022,1.5313708782196045,4.094427108764648,0.9412000179290771
2.458505868911743,2.3872475624084473,3.8582568168640137,0.9409999847412109
1.7656854391098022,2.3313708305358887,3.945481538772583,0.9383999705314636
1.6585057973861694,1.600000023841858,4.252411842346191,0.9372000098228455
2.0970563888549805,2.565685510635376,3.9654364585876465,0.9372000098228455
2.497056245803833,1.5313708782196045,3.7856407165527344,0.9362000226974487
2.6241912841796875,1.6970561742782593,4.081674575805664,0.9359999895095825
0.9656854867935181,1.2000000476837158,3.6784610748291016,0.9373000264167786
1.1313707828521729,1.9513260126113892,4.179795742034912,0.9372000098228455
2.3313708305358887,3.171281337738037,3.9744949340820312,0.9372000098228455
2.7898764610290527,2.0,3.8673152923583984,0.9395999908447266
1.9313709735870361,1.5313708782196045,3.880067825317383,0.9405999779701233
