within 4,within 9,between 4 and 9
8.793873712420464e-05,8.20463610580191e-05,8.791864092927426e-05
8.510283078067005e-05,6.799877155572176e-05,7.736828410997987e-05
7.282292062882334e-05,6.955457502044737e-05,5.616406269837171e-05
5.44683171028737e-05,4.86736826132983e-05,7.082891534082592e-05
4.27616796514485e-05,5.136459367349744e-05,5.994108505547047e-05
5.395484186010435e-05,4.346045898273587e-05,5.924963625147939e-05
4.0981758502312005e-05,4.099241050425917e-05,5.2152703574392945e-05
4.5419430534821004e-05,7.193241617642343e-05,4.069958959007636e-05
5.077957030152902e-05,3.8143400161061436e-05,4.82560062664561e-05
6.179871706990525e-05,5.4729447583667934e-05,6.572604615939781e-05
5.029451858717948e-05,0.00011519546387717128,0.00010844576900126413
0.00019496111781336367,0.00022536757751367986,0.00010940016363747418
0.0005521582788787782,0.00028602409292943776,0.0002343033265788108
0.0003465828485786915,0.0006651150179095566,0.0004683037695940584
0.0005362665397115052,0.0004441494820639491,0.000671896617859602
0.001157257822342217,0.0034947223030030727,0.002858322113752365
0.0026892770547419786,0.0009916401468217373,0.002939472906291485
0.005473488941788673,0.0034234952181577682,0.00401825038716197
0.0048360382206737995,0.004467503167688847,0.0011747891549021006
0.003918556030839682,0.00409716134890914,0.007119473069906235
0.02460680529475212,0.020708711817860603,0.02644854597747326
0.020830726251006126,0.03093208372592926,0.017489228397607803
0.026855822652578354,0.01588112860918045,0.009834988042712212
0.02083991840481758,0.019141394644975662,0.010705472901463509
0.013585664331912994,0.015590200200676918,0.015429910272359848
0.03302473574876785,0.03296186774969101,0.006815860513597727
0.033675216138362885,0.04985010623931885,0.02055397257208824
0.02323732152581215,0.024002622812986374,0.0073976069688797
0.03406534716486931,0.018627427518367767,0.01536410953849554
0.014255151152610779,0.02913825958967209,0.014550232328474522
0.025203343480825424,0.007915167137980461,0.03190675750374794
0.01665278524160385,0.053962960839271545,0.03961963206529617
0.011134488508105278,0.012052560225129128,0.023585200309753418
0.02096104621887207,0.004300837405025959,0.03234844282269478
0.01956266723573208,0.014436950907111168,0.014408762566745281
0.025047622621059418,0.029210619628429413,0.014214249327778816
0.005554570350795984,0.014594947919249535,0.006932469550520182
0.004884383641183376,0.018016379326581955,0.018648914992809296
0.010019345209002495,0.03272278606891632,0.022378647699952126
0.010197939351201057,0.01396404579281807,0.019701382145285606
0.004910256247967482,0.018895596265792847,0.015059689059853554
0.0017098361859098077,0.014456406235694885,0.0034528346732258797
0.006300656590610743,0.009539478458464146,0.011924149468541145
0.012781883589923382,0.0010964364046230912,0.010443074628710747
0.003545286599546671,0.005996633321046829,0.008678900077939034
0.009594466537237167,0.0243228767067194,0.00634728092700243
0.003981363493949175,0.0026498972438275814,0.0068903760984539986
0.005553705617785454,0.0034102231729775667,0.0033341189846396446
0.006347403861582279,0.007867185398936272,0.00305017433129251
0.004056500270962715,0.0019626247230917215,0.00581735372543335
0.009147299453616142,0.0038581218104809523,0.0020239304285496473
0.00185801787301898,0.010850371792912483,0.010009558871388435
0.0010849182726815343,0.006386993452906609,0.00492892088368535
0.007372802123427391,0.00671242643147707,0.003170731943100691
0.009114849381148815,0.0028884054627269506,0.006767474114894867
0.006730601657181978,0.001527077634818852,0.0033970619551837444
0.004242799710482359,0.006585703231394291,0.006290184799581766
0.004317298065871,0.0022533354349434376,0.0037300726398825645
0.0057731932029128075,0.0063923439010977745,0.004969928413629532
0.004594590049237013,0.004924754612147808,0.003250404493883252
0.003429161151871085,0.002943847794085741,0.005909032188355923
0.0019950089044868946,0.005689112935215235,0.00276150181889534
0.005923973396420479,0.006778578273952007,0.004264376126229763
0.00555775873363018,0.003172575496137142,0.004916083067655563
0.005475024227052927,0.0030180448666214943,0.007208560593426228
0.004879149608314037,0.006076420657336712,0.010934834368526936
0.002967513632029295,0.003075146581977606,0.0074180117808282375
0.004165948368608952,0.0019994513131678104,0.005623907316476107
0.011585230007767677,0.001489626127295196,0.015988660976290703
0.0018210515845566988,0.0068214572966098785,0.0025887831579893827
0.005105845630168915,0.0032963785342872143,0.009205477312207222
0.002956407843157649,0.001173309050500393,0.004587775561958551
0.0017875086050480604,0.007275506388396025,0.010486247017979622
0.010716071352362633,0.004161343909800053,0.00896027497947216
0.006944094784557819,0.011162146925926208,0.008158529177308083
0.006366660352796316,0.006668976973742247,0.011479501612484455
0.00887244287878275,0.0044997320510447025,0.02281787432730198
0.014212710782885551,0.000974570051766932,0.009219239465892315
0.007515891455113888,0.003410664852708578,0.022746387869119644
0.0059480383060872555,0.005230315029621124,0.01509430818259716
0.01998881623148918,0.013014266267418861,0.009475024417042732
0.006512722000479698,0.012605564668774605,0.0023477282375097275
0.0005421996465884149,0.011525062844157219,0.007624085992574692
0.00706686545163393,0.006624546833336353,0.00756743224337697
0.012397505342960358,0.013848759233951569,0.024666467681527138
0.010627335868775845,0.012682447209954262,0.0038323174230754375
0.015571154654026031,0.013822060078382492,0.01152116246521473
0.009736178442835808,0.007038109470158815,0.016200074926018715
0.010839157737791538,0.010209396481513977,0.007763716392219067
0.018481915816664696,0.002097409451380372,0.01503467746078968
0.012952926568686962,0.008873581886291504,0.01388496346771717
0.004238474182784557,0.007288652006536722,0.012263511307537556
0.022186782211065292,0.010846113786101341,0.023234324529767036
0.020328424870967865,0.009364890865981579,0.00484865577891469
0.006206051912158728,0.03515200316905975,0.006882229819893837
0.026418542489409447,0.006104838103055954,0.02358274534344673
0.016900885850191116,0.04648818448185921,0.001655637170188129
0.013617286458611488,0.02192476950585842,0.011240590363740921
0.041315458714962006,0.032998595386743546,0.016660073772072792
0.004160191863775253,0.0327683724462986,0.009670366533100605
0.021639714017510414,0.012221088632941246,0.01712055318057537
0.024764783680438995,0.013271406292915344,0.031058218330144882
0.038344837725162506,0.033830441534519196,0.03930654749274254
0.004442673642188311,0.011300168931484222,0.01693253219127655
0.05977906286716461,0.04305541515350342,0.02429535612463951
0.0200228039175272,0.026385676115751266,0.008985230699181557
0.018790090456604958,0.026740243658423424,0.019767578691244125
0.01361426617950201,0.014354940503835678,0.01708173379302025
0.012772304005920887,0.0010283311130478978,0.05051897466182709
0.006675022654235363,0.04694106802344322,0.03305702656507492
0.046358898282051086,0.05340665206313133,0.030823498964309692
0.05574234947562218,0.059437789022922516,0.06763511151075363
0.035170406103134155,0.05213392525911331,0.02948322519659996
0.040749020874500275,0.05545483157038689,0.02283095195889473
0.13644984364509583,0.04273611307144165,0.09712514281272888
0.04766205698251724,0.1281920075416565,0.0198403000831604
0.047056593000888824,0.08662806451320648,0.0729583352804184
0.04813411831855774,0.03903013467788696,0.01872599497437477
0.030963003635406494,0.1494884341955185,0.03743792325258255
0.01693790778517723,0.08725738525390625,0.08174702525138855
