within 1,within 0,between
0.0001128678341046907,0.00013428975944407284,0.00015462315059266984
6.434069655369967e-05,0.00010182091500610113,0.0001322844036621973
5.977168257231824e-05,0.00010336339619243518,0.00011766428360715508
6.215530447661877e-05,7.974101754371077e-05,9.145103103946894e-05
5.9164554841117933e-05,7.363843906205148e-05,7.99580811872147e-05
5.494209472090006e-05,9.16526114451699e-05,8.80563966347836e-05
4.5678742026211694e-05,9.937483991961926e-05,9.527798101771623e-05
6.054903496988118e-05,0.00010840791219379753,0.00017911595932673663
5.824380787089467e-05,0.00011258772428845987,0.0001679485576460138
0.00010011552512878552,0.0003598774201236665,0.0004293042584322393
0.00021433131769299507,0.0004500505165196955,0.000793048064224422
0.00032348959939554334,0.0005253767594695091,0.0014694588026031852
0.000286230759229511,0.0008642300963401794,0.0015737817157059908
0.00041512897587381303,0.0006783817079849541,0.004423949867486954
0.0014373573940247297,0.0020460528321564198,0.005920465104281902
0.003252621041610837,0.007000862620770931,0.010907692834734917
0.008636708371341228,0.008499985560774803,0.027108609676361084
0.006527419202029705,0.009040147066116333,0.035487230867147446
0.003944758791476488,0.01987137272953987,0.058786939829587936
0.014633605256676674,0.04087424650788307,0.05783870816230774
0.06392183899879456,0.033178091049194336,0.09275953471660614
0.024557922035455704,0.04625178128480911,0.18648076057434082
0.0620267391204834,0.09207620471715927,0.20300903916358948
0.09970344603061676,0.1261027753353119,0.10720901191234589
0.08092901855707169,0.0961349755525589,0.19770224392414093
0.017483467236161232,0.08499821275472641,0.16550643742084503
0.034244176000356674,0.03606549650430679,0.17502541840076447
0.05801782011985779,0.13424649834632874,0.2092503309249878
0.011690511368215084,0.06437252461910248,0.09048208594322205
0.08033208549022675,0.07594343274831772,0.11664849519729614
0.052793096750974655,0.03534330055117607,0.1255265772342682
0.032207686454057693,0.05411870405077934,0.13581408560276031
0.03604815900325775,0.0300841573625803,0.12557007372379303
0.013956114649772644,0.07777181267738342,0.10660483688116074
0.044835515320301056,0.049490951001644135,0.08424655348062515
0.0698254182934761,0.030616501346230507,0.07131292670965195
0.00995558314025402,0.04853815957903862,0.14249947667121887
0.027965432032942772,0.028428267687559128,0.0943538174033165
0.05112970992922783,0.05365297198295593,0.1230488047003746
0.031365953385829926,0.05646616965532303,0.04775428771972656
0.0238643866032362,0.030083652585744858,0.0724526047706604
0.03387432172894478,0.026774082332849503,0.10042586177587509
0.03621543198823929,0.047489847987890244,0.09943419694900513
0.027039378881454468,0.02881094254553318,0.09764458239078522
0.030483637005090714,0.025487277656793594,0.08833117038011551
0.013687381520867348,0.024296510964632034,0.06922419369220734
0.023324456065893173,0.01682521402835846,0.07240600883960724
0.02469928190112114,0.0286871287971735,0.07537027448415756
0.015004714950919151,0.0331953689455986,0.08962032198905945
0.015149898827075958,0.02631247602403164,0.07903945446014404
0.0073418989777565,0.01776898466050625,0.1005917564034462
0.04779509827494621,0.038771308958530426,0.07546699792146683
0.017781144008040428,0.01458473689854145,0.07627639919519424
0.009176483377814293,0.017925109714269638,0.0647665485739708
0.010295767337083817,0.04800494387745857,0.05944215506315231
0.018315572291612625,0.03310909494757652,0.053050559014081955
0.0267269816249609,0.04341714456677437,0.060823190957307816
0.019063536077737808,0.014192774891853333,0.07457759231328964
0.008584698662161827,0.01999845914542675,0.07895845919847488
0.015325355343520641,0.01825951784849167,0.06147398799657822
0.022152245044708252,0.028935715556144714,0.07146697491407394
0.014734147116541862,0.027274996042251587,0.05914759635925293
0.013313686475157738,0.0344894602894783,0.06445220857858658
0.014694273471832275,0.049807388335466385,0.05425584316253662
0.02618955634534359,0.04362357780337334,0.0552794523537159
0.019392210990190506,0.025689024478197098,0.053850241005420685
0.014387005940079689,0.014926642179489136,0.05498621612787247
0.017218507826328278,0.011607732623815536,0.08433125913143158
0.019176427274942398,0.022285591810941696,0.03447019308805466
0.028395801782608032,0.03001614287495613,0.046240221709012985
0.0159691721200943,0.024194616824388504,0.08132670819759369
0.02862180769443512,0.034047823399305344,0.08974161744117737
0.002653474221006036,0.01918397657573223,0.06095864623785019
0.012402808293700218,0.021296799182891846,0.06346509605646133
0.012471374124288559,0.013476021587848663,0.06787259876728058
0.02172810211777687,0.017721571028232574,0.058983564376831055
0.012732965871691704,0.011126653291285038,0.045366980135440826
0.005015064962208271,0.018806105479598045,0.055245619267225266
0.016966290771961212,0.018891656771302223,0.048895347863435745
0.017648901790380478,0.034074816852808,0.07299166917800903
0.019146984443068504,0.02682316303253174,0.05797525495290756
0.02993822656571865,0.028257641941308975,0.06968796253204346
0.02083691954612732,0.012054667808115482,0.04651118069887161
0.014442292042076588,0.012290341779589653,0.05687512829899788
0.014805817976593971,0.00830153189599514,0.056059978902339935
0.017020637169480324,0.008666844107210636,0.05457824468612671
0.009410728700459003,0.0361567921936512,0.0331009142100811
0.011867614462971687,0.016832638531923294,0.04702363535761833
0.026633163914084435,0.043534256517887115,0.029345538467168808
0.022339120507240295,0.02006290666759014,0.05583057552576065
0.013141140341758728,0.010401813313364983,0.05242270976305008
0.0058224936947226524,0.017501946538686752,0.07249273359775543
0.016912860795855522,0.014723287895321846,0.03520447388291359
0.006190611980855465,0.020048122853040695,0.039954669773578644
0.015338006429374218,0.022358488291502,0.0432296060025692
0.019543230533599854,0.015722788870334625,0.02281280979514122
0.01088654063642025,0.023522045463323593,0.05413300544023514
0.017408978193998337,0.04602640122175217,0.05930393189191818
0.023816581815481186,0.027237704023718834,0.0757012665271759
0.0069344439543783665,0.01613321527838707,0.06807338446378708
0.020660195499658585,0.01716819405555725,0.06769727170467377
0.007457063999027014,0.027054661884903908,0.04413070157170296
0.00942850299179554,0.009506070986390114,0.043397389352321625
0.019264739006757736,0.018387963995337486,0.052667129784822464
0.024303417652845383,0.022748511284589767,0.05237763002514839
0.0035363715142011642,0.014282184652984142,0.0508841872215271
0.01232197042554617,0.02336495742201805,0.04180159419775009
0.017377780750393867,0.022628214210271835,0.04541795328259468
0.011963626369833946,0.024747343733906746,0.0574062243103981
0.02026723325252533,0.020833035930991173,0.06377013027667999
0.012712037190794945,0.019185248762369156,0.0295602735131979
0.008828059770166874,0.014207261614501476,0.037334419786930084
0.0132072689011693,0.01631494052708149,0.03882146626710892
0.020500559359788895,0.009935224428772926,0.053987592458724976
0.016388043761253357,0.01535536628216505,0.02951052412390709
0.007016640156507492,0.027366992086172104,0.051995135843753815
0.01772093027830124,0.018279043957591057,0.06824268400669098
0.008860548958182335,0.02647213079035282,0.03874550014734268
0.008930903859436512,0.007423144765198231,0.018699556589126587
0.011450977995991707,0.0162939615547657,0.03508733585476875
0.015624838881194592,0.012273787520825863,0.04286486655473709
0.010227374732494354,0.019607940688729286,0.03836701437830925
0.008704308420419693,0.017109012231230736,0.024743597954511642
0.007369196508079767,0.007635775022208691,0.03345593437552452
0.008599162101745605,0.014962871558964252,0.025400150567293167
0.0026842583902180195,0.011050423607230186,0.020489148795604706
0.01504998654127121,0.026849567890167236,0.023631388321518898
0.0075954413041472435,0.013768191449344158,0.033439576625823975
0.009089428931474686,0.016436347737908363,0.03245209902524948
0.010250893421471119,0.009746934287250042,0.011087986640632153
0.004726502113044262,0.0075723216868937016,0.027760859578847885
0.009629525244235992,0.010969540104269981,0.015899118036031723
0.005384264513850212,0.006417573895305395,0.01603238843381405
0.009270638227462769,0.009628948755562305,0.020409874618053436
0.004840441979467869,0.004307507071644068,0.01932988315820694
0.0040250797756016254,0.01693502441048622,0.03472534567117691
0.006269288714975119,0.005264956038445234,0.02358217164874077
0.0035209667403250933,0.005323036108165979,0.015859302133321762
0.004182557109743357,0.007368161343038082,0.0175542663782835
0.003583562094718218,0.010212913155555725,0.011373793706297874
0.004049832466989756,0.004138938616961241,0.0011798494961112738
0.005190902855247259,0.003889950457960367,0.010637851431965828
0.004822764545679092,0.006194005720317364,0.005726299714297056
0.0028381296433508396,0.002022711094468832,0.0025697913952171803
0.0024377189110964537,0.0017426017438992858,0.005720824468880892
0.0024421359412372112,0.003767798887565732,0.005136031191796064
0.0019665444269776344,0.0036823551636189222,0.00983328465372324
0.0037157349288463593,0.012267820537090302,0.012136763893067837
0.002916728612035513,0.009465384297072887,0.012979145161807537
0.0036653063725680113,0.010855572298169136,0.024848613888025284
0.003446953371167183,0.009402982890605927,0.018316399306058884
0.0017093814676627517,0.0054156119003891945,0.024525722488760948
0.006952095776796341,0.012662654742598534,0.022096961736679077
0.004451316315680742,0.02838631346821785,0.023575136438012123
0.0061339265666902065,0.01146258506923914,0.03327374905347824
0.006047921720892191,0.03731418773531914,0.059614844620227814
0.004371904768049717,0.02104905992746353,0.02861930802464485
0.005345527082681656,0.030637849122285843,0.07292921841144562
0.012067216448485851,0.0364551804959774,0.059553779661655426
0.015507775358855724,0.03028278425335884,0.07448878139257431
0.02091399021446705,0.04323481768369675,0.053741686046123505
0.054263077676296234,0.06551297008991241,0.11985435336828232
0.03748323768377304,0.09872567653656006,0.11456717550754547
0.025044281035661697,0.03847109526395798,0.16885913908481598
0.009387037716805935,0.06253044307231903,0.12636734545230865
0.04244223237037659,0.042457714676856995,0.2033064067363739
0.0497470423579216,0.0729992464184761,0.15345458686351776
0.029806941747665405,0.12378966808319092,0.15017642080783844
0.017888657748699188,0.1316261887550354,0.16213372349739075
0.04278843477368355,0.1010085791349411,0.1559096723794937
0.015403862111270428,0.10753258317708969,0.15179941058158875
0.03188776597380638,0.10373909771442413,0.17477205395698547
0.02141401171684265,0.17192474007606506,0.1974247395992279
0.01897219754755497,0.06211859732866287,0.3028840720653534
0.06483203172683716,0.11553175747394562,0.20499315857887268
0.04802998900413513,0.08274053037166595,0.27619123458862305
0.014461678452789783,0.16104117035865784,0.17920702695846558
0.06942635774612427,0.0656205415725708,0.3077041506767273
0.024843109771609306,0.12878087162971497,0.28641000390052795
0.03059905394911766,0.14899691939353943,0.24541278183460236
0.054173536598682404,0.13440951704978943,0.25656962394714355
0.0803811326622963,0.23112830519676208,0.28653591871261597
0.042216211557388306,0.1251405030488968,0.2867913842201233
0.059478919953107834,0.16791710257530212,0.3256261348724365
0.06889445334672928,0.21193039417266846,0.30803292989730835
0.06569619476795197,0.1422911137342453,0.31065094470977783
0.0632607489824295,0.21115389466285706,0.3873596787452698
0.030675526708364487,0.14833161234855652,0.4035588204860687
0.09659086167812347,0.14932402968406677,0.24804988503456116
0.04964199662208557,0.16859978437423706,0.11814995855093002
0.04497336596250534,0.2554777264595032,0.3451845049858093
0.04888320714235306,0.11031685769557953,0.38859885931015015
0.06965796649456024,0.07988722622394562,0.3153396248817444
0.02447623386979103,0.15377187728881836,0.3670918345451355
0.04326789453625679,0.12777826189994812,0.38251587748527527
0.054309457540512085,0.2501097619533539,0.435701847076416
0.051440976560115814,0.13916508853435516,0.446738064289093
0.0807277262210846,0.15441617369651794,0.18218258023262024
0.06597680598497391,0.21676066517829895,0.23048415780067444
0.06792037934064865,0.17891950905323029,0.4729534983634949
0.10371509939432144,0.16336171329021454,0.47904425859451294
0.07685544341802597,0.22844693064689636,0.30936986207962036
0.1480843722820282,0.1372687965631485,0.3592192828655243
0.09970850497484207,0.14408975839614868,0.5151346921920776
0.03641904145479202,0.10140319913625717,0.561939001083374
0.06394331157207489,0.17251095175743103,0.525826096534729
0.19583526253700256,0.27063339948654175,0.4162527620792389
0.2782452702522278,0.26440829038619995,0.42907944321632385
0.18284562230110168,0.32984262704849243,0.3836442828178406
0.16980388760566711,0.121839739382267,0.39842358231544495
0.14302527904510498,0.23650434613227844,0.497539758682251
0.07570180296897888,0.11866343021392822,0.582047164440155
0.11444427818059921,0.10456689447164536,0.5448826551437378
0.2350817173719406,0.25151199102401733,0.4264290928840637
0.15899750590324402,0.1465863287448883,0.4647120535373688
0.11741682142019272,0.19235198199748993,0.5269598364830017
0.2252635955810547,0.13399513065814972,0.5582851767539978
0.22573785483837128,0.19645459949970245,0.5561894178390503
0.14873358607292175,0.18862882256507874,0.57941073179245
0.1653756946325302,0.1817765086889267,0.5282219648361206
0.23397891223430634,0.12058506160974503,0.5611216425895691
0.49416160583496094,0.1898452788591385,0.42330294847488403
0.0778496116399765,0.16602662205696106,0.6017505526542664
0.18477487564086914,0.18221616744995117,0.6263216137886047
0.13855785131454468,0.16445086896419525,0.6584347486495972
0.33162921667099,0.26891931891441345,0.5813308358192444
0.12593264877796173,0.24313759803771973,0.7001892328262329
0.2638288140296936,0.23927240073680878,0.6081627607345581
0.057267796248197556,0.2723936140537262,0.7389000058174133
0.26709580421447754,0.29607242345809937,0.4522598385810852
0.21310177445411682,0.3544386923313141,0.6473724246025085
0.29450875520706177,0.19313010573387146,0.7031461000442505
0.0750628411769867,0.21634073555469513,0.6114568710327148
0.20852231979370117,0.2446756809949875,0.690131664276123
0.14998379349708557,0.26224851608276367,0.7547069787979126
0.2719147205352783,0.21871837973594666,0.5964215397834778
0.2433629035949707,0.311994343996048,0.6980823278427124
0.11640387773513794,0.21596145629882812,0.7148169279098511
0.11515814065933228,0.2050991803407669,0.7557741403579712
0.14705809950828552,0.20443299412727356,0.6994425058364868
0.1268211305141449,0.3048678934574127,0.8141984939575195
0.16995656490325928,0.1920861005783081,0.7857831120491028
0.22772309184074402,0.288747638463974,0.7306849360466003
0.11982683837413788,0.24945160746574402,0.7721002697944641
0.26170623302459717,0.23849980533123016,0.7625535130500793
0.3995923399925232,0.22680261731147766,0.759419322013855
0.17546498775482178,0.3469405174255371,0.7644320726394653
0.41729602217674255,0.2799219787120819,0.7258737683296204
0.22011330723762512,0.40565943717956543,0.7300981283187866
0.2925723195075989,0.22898948192596436,0.7295207381248474
0.3276488780975342,0.2329019010066986,0.8267987370491028
0.35807719826698303,0.5440100431442261,0.8187904357910156
0.37355610728263855,0.4194517135620117,0.8385621905326843
0.2838289737701416,0.4746325612068176,0.6999887824058533
0.23535260558128357,0.47107601165771484,0.7302125096321106
0.3824706971645355,0.35123851895332336,0.6641575694084167
0.32896319031715393,0.3834185004234314,0.8799902200698853
0.36417779326438904,0.2928270995616913,0.9179811477661133
0.4363834261894226,0.4471012055873871,0.9183770418167114
0.1776125133037567,0.37072205543518066,0.9584981203079224
0.4026103615760803,0.44397783279418945,0.7188069224357605
0.3966018855571747,0.614986777305603,0.8743265271186829
0.4554978013038635,0.38205763697624207,1.0122673511505127
0.35008612275123596,0.3676307201385498,0.8257285356521606
0.39863863587379456,0.4873751699924469,0.8848745226860046
0.575589656829834,0.43005475401878357,0.8594669103622437
0.3679876923561096,0.4075619578361511,0.9265969395637512
0.4109436571598053,0.4360140860080719,0.9716119766235352
0.3468224108219147,0.36448150873184204,1.0777438879013062
0.39161357283592224,0.5858325362205505,0.9665451049804688
0.37555262446403503,0.5723938345909119,1.0357186794281006
0.2600254416465759,0.522720992565155,1.0482492446899414
0.47030186653137207,0.5386990308761597,1.0837557315826416
0.34633463621139526,0.45058926939964294,0.9184810519218445
0.736225962638855,0.5276665687561035,0.936080813407898
0.4395710527896881,0.38024213910102844,1.0941826105117798
0.35793161392211914,0.4502449035644531,1.0391641855239868
0.36326882243156433,0.40380629897117615,1.0141714811325073
0.2839179039001465,0.3302607536315918,1.1023849248886108
0.4721831679344177,0.42132121324539185,1.0526002645492554
0.5715785026550293,0.5250086784362793,1.0121647119522095
0.4536696970462799,0.7424652576446533,0.9432095289230347
0.23188814520835876,0.40861421823501587,0.8344032168388367
0.445659875869751,0.39055079221725464,1.1153682470321655
0.5873106122016907,0.36734429001808167,1.079081416130066
0.437377393245697,0.5549313426017761,1.110734224319458
0.4345399737358093,0.2971382141113281,0.9939588308334351
0.6141948699951172,0.6131299138069153,0.9232195615768433
0.28951603174209595,0.439822256565094,1.1317932605743408
0.25754430890083313,0.300849586725235,1.0695680379867554
0.5937342643737793,0.4426468312740326,1.0858713388442993
0.6703243255615234,0.5793264508247375,0.9363571405410767
0.4205399453639984,0.46251028776168823,1.0457675457000732
0.26344621181488037,0.5237056016921997,0.927093505859375
0.4020407795906067,0.38189658522605896,1.095325231552124
0.40241068601608276,0.31724539399147034,1.0696521997451782
0.6135300993919373,0.29424914717674255,1.0012558698654175
0.5455373525619507,0.5643613934516907,1.1620665788650513
0.4722630977630615,0.48129263520240784,1.0016584396362305
0.33889901638031006,0.3288004994392395,0.962671160697937
