within 1,within 0,between,Accuracy
2.9174928154264177,2.253175001878005,3.324893567588303,0.08550000190734863
2.9052807580340994,2.936386159488133,3.567196808755398,0.14339999854564667
3.4129409973437967,3.2309443155924478,4.845146964992997,0.2321999967098236
3.6399162044891944,2.5523780584335327,4.966269118969257,0.3345000147819519
4.16519313461178,3.3158735990524293,5.370743126064152,0.4187000095844269
3.662667523591946,3.2093890011310577,4.850835332503686,0.4875999987125397
3.447409170324152,2.5929832350124014,4.587951522228146,0.5837000012397766
3.6942954318864003,3.282200985484653,4.858203369379043,0.6269999742507935
3.186416451420103,2.8342169650963376,4.739901673048735,0.6797999739646912
3.2031402375963,2.9955149624082775,4.4653319954872135,0.7369999885559082
3.1057840873797735,3.436723485137477,4.482875528434913,0.7601000070571899
2.8434420108795164,2.926284445183618,4.052682741121813,0.741599977016449
1.3522467656569048,2.2360680103302,3.2256346832622182,0.7206000089645386
2.5535609608604792,2.4920492936403322,3.783515649837452,0.7742000222206116
2.880854834209789,2.3725255600043704,4.196085967800834,0.7569000124931335
3.4715635904244015,3.254125065273709,4.599865689873695,0.7875999808311462
3.4613029655519423,3.471305913395352,5.363882649512518,0.8190000057220459
3.5175883301666806,3.1618598439754586,5.873033184271592,0.8065000176429749
3.6817069874869452,3.361243878092085,6.039558798074722,0.7867000102996826
2.8935276525361195,3.4841390588066794,5.928738193078474,0.7889999747276306
3.48070211675432,3.702883013657161,5.809235537052155,0.8122000098228455
3.2185436101186844,3.595742744869656,5.868367106119791,0.8337000012397766
2.981751585006714,3.2228623117719377,5.442869322640555,0.8521999716758728
4.126497683070955,4.098975837230682,5.987720129224989,0.8411999940872192
4.629983811667471,2.9966448313660092,6.119177080966808,0.817300021648407
3.86924366818534,3.782860298733135,6.410022307956029,0.7964000105857849
4.02366615786697,3.379599991298857,6.6046256848743985,0.7864000201225281
3.6513964435556434,4.219579199949901,6.766250220556108,0.7930999994277954
4.306288470278729,3.6961239272897894,6.712645778408298,0.8191999793052673
3.7799444091625705,3.753724241256714,6.7533492088317875,0.8500999808311462
4.599372557231358,3.968107647365994,6.537338680691189,0.8690999746322632
3.6117624297286524,3.605069144566854,6.80052715142568,0.870199978351593
3.142501166888646,3.372746858331892,6.303866696736169,0.8626999855041504
3.5956992236050693,3.8924317359924316,6.356509117164997,0.857699990272522
3.5222425812766667,4.0781429873572455,6.289128166834513,0.8587999939918518
3.8480192743814907,3.4642013019985622,6.652112674713135,0.8598999977111816
3.6085331281026205,3.935348781672391,6.3636071350839405,0.8597999811172485
3.395110908421603,3.47546347644594,6.512647676949549,0.863099992275238
4.018489144065163,3.285826073752509,6.518271005153656,0.8683000206947327
3.723296052759344,4.096590375900268,6.57453297846245,0.8781999945640564
4.69995616421555,2.817305796676212,6.585128965201201,0.8840000033378601
3.7681904176870984,3.499007531574794,6.734874069690704,0.890500009059906
4.090269101517541,3.6281084708678417,6.672718121455266,0.8977000117301941
3.1384655691328502,3.742627022483132,6.795164015386011,0.8974999785423279
3.840590536594391,3.966762057372502,6.9926087489494915,0.896399974822998
3.8268321508016343,3.5603857733986595,6.855798794673039,0.8988000154495239
4.097567922539181,3.560316794568842,6.821511788801714,0.9067999720573425
3.542072260018551,3.822620229287581,6.800632549054695,0.9045000076293945
3.1339632438288794,3.174191806997572,6.700199868943956,0.8952999711036682
3.9225514204878555,3.2756884972254436,6.928941917419434,0.8834999799728394
3.8764114076440985,3.538903250838771,7.023922793792956,0.8822000026702881
3.9715201768008144,3.809096878919846,7.111117663083377,0.8956000208854675
3.634980570186268,4.156966958727155,6.999789058388053,0.9054999947547913
4.115343004465103,4.126058466923543,6.987887043219346,0.9059000015258789
3.3468749708599512,4.1221352842119,6.9459509801864625,0.9023000001907349
3.874299144744873,3.7728295697106256,7.189722494645552,0.8992999792098999
4.289394971096154,4.133661436041196,7.092416574557622,0.8984000086784363
3.960008317773992,3.673038864135742,6.766150062734431,0.9028000235557556
4.370447910193241,4.311660424868266,6.771146921316783,0.8996999859809875
4.066563031890175,3.9162919984923468,6.863763838103323,0.8912000060081482
4.00434505072507,4.289361635843913,6.923156651583585,0.8873999714851379
4.205118576685588,3.441071629524231,7.201075574853918,0.8860999941825867
3.959425995566628,4.058276448931013,6.956854931719891,0.8877999782562256
3.6678073261723374,3.8086235492657394,7.150122028130752,0.8967999815940857
3.908181006258184,4.302290972796354,6.8936059928137405,0.9014000296592712
3.6731106982086645,3.8901926279067993,7.100733727216721,0.9010000228881836
3.3011991847645152,3.8442322120561703,6.935029509779695,0.9046000242233276
3.484114287477551,3.824551526344184,6.926962200138304,0.9025999903678894
3.887065052986145,4.41346092735018,6.705965406364864,0.9010000228881836
3.6021217281168156,3.548007125382895,6.7043429845339295,0.906000018119812
3.6559585210604544,3.939868446552392,6.858977507322263,0.9108999967575073
3.9249038244738723,3.9853839026557076,6.84130280415217,0.9138000011444092
3.978104761668614,4.481502585940891,6.772722500562668,0.9142000079154968
3.9697133236461215,4.018471056764776,6.960300321932192,0.9156000018119812
4.0758228729168575,4.267421404520671,6.70451435148716,0.9161999821662903
3.5676947954373484,3.7845179637273154,6.403112309610742,0.9175000190734863
4.436978814715431,3.9650435788290843,6.865368294715881,0.9161999821662903
4.476184860142794,4.139540422530401,6.975296534501113,0.9168999791145325
4.412634706497192,3.983031547986544,6.777375326401148,0.9192000031471252
3.3927027914259167,3.8245105773974686,7.0065378996042105,0.9200999736785889
3.6671642216769134,4.035696787711902,6.868939523096685,0.920199990272522
4.062495569955735,4.027456859747569,6.711569443727151,0.9212999939918518
4.121443874306149,4.226432614274078,6.843796052629986,0.9240000247955322
3.671125003785798,3.9640570734486436,6.723977181646559,0.9236999750137329
4.017526878760411,5.2149343093236284,6.311477706982539,0.9218999743461609
3.089507624081203,3.841219425201416,6.432281970977783,0.9218999743461609
3.9488496816519536,3.7807262659072878,6.9332276026407875,0.9240999817848206
4.43324533530644,3.8633233933221724,6.747796561036791,0.9228000044822693
3.5480350686444178,4.111193704605102,6.795664536832559,0.9262999892234802
3.73349914031151,3.7989299005932278,6.849719960872943,0.9247999787330627
3.5113316827350194,3.750677193914141,6.776322868892125,0.9261000156402588
2.8505267681497517,3.8367356697718304,6.651516973972321,0.9226999878883362
3.037744924877629,3.976958248350355,6.665924235626504,0.9164999723434448
4.253870640860663,3.949229693412781,6.6267094230651855,0.9122999906539917
3.623756761021084,4.323143019395716,6.9662648015552096,0.9182000160217285
3.282699045267972,3.7849055244809104,6.998384457129936,0.9211999773979187
3.4394857341592964,4.02415214114719,6.902052088578542,0.9236000180244446
3.6923643747965493,3.832039181030158,7.137976845105489,0.9247000217437744
4.3163493308756085,3.4255899282602162,7.141682396587144,0.9266999959945679
3.7572881200096826,4.323900334762804,6.861318538586299,0.92330002784729
4.310265636444091,4.011890270974901,6.7545206460085785,0.9193000197410583
4.309296082227658,4.211399052359841,6.756362921708114,0.9150999784469604
4.034034412918669,4.123664962677728,6.234760649998983,0.9147999882698059
3.7432271585319983,3.6917267459811587,7.020541422896915,0.9215999841690063
3.811645097202725,3.127358249255589,7.0285714864730835,0.917900025844574
4.091391279147222,3.423229740725623,6.98574708465837,0.9107999801635742
4.0449718446521965,3.826853863398234,7.192100053741818,0.9077000021934509
3.8072983264923095,4.411153716700418,7.252110111713409,0.9031999707221985
3.9726026073480263,3.992706447839737,7.2572844048850556,0.9007999897003174
3.8046848826938207,4.525664733515845,7.189824729495578,0.9016000032424927
3.7115029927456016,4.05489074587822,7.4595247730612755,0.9089999794960022
3.6360814140902624,4.407915308361962,7.203072721996005,0.9179999828338623
3.9972561987396937,4.021749709333692,7.202985684076945,0.9266999959945679
3.8593012461295495,4.214591082659635,7.166094669928918,0.9286999702453613
3.4437252812915378,4.004479710544858,7.266600694921282,0.9261999726295471
4.212510771823652,4.240846821756074,7.023360970947477,0.9240000247955322
3.8055547947412007,4.386911580056855,7.016769559610458,0.9200999736785889
3.987864775317056,3.7943511135650403,7.101284091671308,0.9165999889373779
3.4744883520262584,3.417862770292494,7.0038670837879184,0.9151999950408936
4.096824149290721,3.8560314178466797,6.945981034526119,0.914900004863739
4.213278369470076,3.4712732632954917,6.807841552628411,0.9157000184059143
4.040552726297667,3.8181581051795037,6.689700331006732,0.9185000061988831
3.9306567801369563,3.7764361841338023,6.725336211919784,0.91839998960495
4.515739462773005,3.87158888686787,6.816337639635259,0.9265000224113464
4.094018128183153,4.349612299601237,7.244373695055644,0.9337999820709229
4.417427682876587,3.8328922345088077,7.347403434606699,0.9372000098228455
4.04524705843492,4.291112657026811,7.273009536680111,0.9369000196456909
3.3515444217306194,4.244251648585002,7.25178759959009,0.9348000288009644
3.3392537008632313,3.7750165916624523,7.306283059058251,0.9284999966621399
3.9158586727248297,3.9931939601898194,7.131260744730631,0.9182999730110168
4.448735452833629,4.365956142970494,6.882548105149042,0.9186999797821045
4.235719998677571,4.341025359100765,7.320611305725881,0.9207000136375427
4.135856547138908,3.648935766447158,7.282281504737006,0.9264000058174133
4.3405866839668965,4.629942979131426,7.2353314052928575,0.9266999959945679
3.499320698635919,3.7744900279574924,7.382406067848206,0.9266999959945679
3.486946072333898,3.8620790668896268,7.391852117501772,0.9269000291824341
3.7566682826905025,3.5980839331944785,7.124435416857401,0.9269000291824341
3.4753958615389737,4.066191875017607,7.224099052535904,0.9337999820709229
3.811914222581046,4.220552385421026,7.164418089389801,0.9398000240325928
4.3992058732292865,4.082696083519194,6.9686420854896,0.9424999952316284
3.7538216186292246,3.470161110162735,7.226434747378032,0.9452000260353088
3.4259916014141507,3.4061709136673897,7.2294681646205765,0.9435999989509583
3.157292179627852,3.8580101558140347,7.317459973421964,0.9437999725341797
4.334783478097601,4.164933780829112,7.1769543753729925,0.9455000162124634
3.7102995150619082,3.7622951613532174,7.15199367735121,0.9458000063896179
3.8000553250312805,3.7003898037804497,7.172720269362132,0.9478999972343445
3.5976697504520416,4.011637982868013,6.8050852124653165,0.9483000040054321
3.818836204210917,3.9239504900845614,6.863470389626243,0.9483000040054321
4.038021457064283,3.9031886032649448,7.224302160496614,0.9452999830245972
3.771093858515515,3.118720761367253,7.404493128552156,0.9434999823570251
3.856082714520968,3.679907432624272,7.329134239600255,0.9417999982833862
4.310849679600109,4.243329103176411,7.189979311707732,0.9413999915122986
3.9960814867264185,4.083862123035249,7.332079478672573,0.9426000118255615
4.279256748847472,4.25350155433019,7.19123414846567,0.9437000155448914
3.5341605146725974,4.285722179072244,7.30376398563385,0.9458000063896179
3.961656671581846,3.6289990123580482,7.444503728081198,0.9480999708175659
3.9409579700893826,3.984453313278429,7.258898735046387,0.9484000205993652
4.365004929629239,4.216413999215151,7.112334268076436,0.9491000175476074
4.774341458624059,3.8142395390404595,7.166105628013611,0.949400007724762
3.6084547265545353,3.992497910152782,7.272505061967032,0.9498000144958496
3.4634437878926594,4.47564730644226,6.671018854777018,0.9472000002861023
3.4507387025015697,3.9828771511713663,7.02642508149147,0.9466000199317932
3.747803009044357,4.14143751348768,6.95159754941338,0.9437000155448914
3.713358080954779,3.494290608829922,6.813256689707438,0.9401999711990356
3.8330379294024572,3.654527425765991,7.170682430267334,0.9444000124931335
3.879055036438836,3.855602163257021,7.031668857291892,0.9488000273704529
3.418130795160929,3.5209840408393314,7.0231998006502785,0.949400007724762
4.685104058005593,4.397909132639567,6.9101809371601455,0.9503999948501587
3.9573248194323645,4.732093095779419,7.221301099989149,0.9495999813079834
3.5583294805358436,4.151298118962182,6.8458882375480306,0.9509999752044678
4.385935847575848,3.997758772638109,6.940373803815271,0.9519000053405762
4.473416799969144,4.030688749419318,7.047017998165554,0.9534000158309937
4.631122263995084,4.035724197115217,6.902550439039866,0.9520000219345093
4.374089354560489,4.11405366506332,7.04454150042691,0.9506000280380249
3.9763810050253774,3.537137492497762,7.268374509281582,0.949400007724762
5.044122331672245,3.7509779214859007,7.055377181371053,0.9502999782562256
4.6632397554732945,4.450592023985727,6.90207102894783,0.9495999813079834
4.246266190210978,3.8452601697709827,6.7281785535812375,0.9480999708175659
3.446633392572403,3.139138960838318,6.82228736281395,0.9474999904632568
4.186294508702828,3.6312502291467457,6.998260524537828,0.9485999941825867
3.908285034786571,3.8652039085115706,7.049465314908461,0.9495999813079834
3.622255052219738,3.3689271642102137,6.9064380087033665,0.9513999819755554
3.9747484570894485,3.589700348449476,6.8794792004120655,0.9506000280380249
2.954740757291967,3.721125332514445,6.98553106519911,0.947700023651123
3.6427193194627763,3.856758783260981,7.03625214099884,0.9473000168800354
4.105145997471279,3.914748182663551,7.059034107077835,0.948199987411499
4.337243858973185,3.6876419498806907,7.0821958337511335,0.9503999948501587
4.151223776075575,3.8336626544143213,6.964944179852804,0.9552000164985657
4.252639553763649,3.963766284422441,7.0749556223551435,0.9574999809265137
4.428947286172346,3.6860649585723877,7.05661020455537,0.9592000246047974
4.565147680044174,4.164174260673942,6.874354430607387,0.9581000208854675
4.752576434251034,3.9047695810144596,6.957897764263731,0.9571999907493591
3.6206725305981107,3.8786919514338174,6.936173250645767,0.9545000195503235
3.8884092569351196,4.253907799720764,6.823282870981428,0.9538999795913696
3.9392331874731816,3.6120473278893366,7.043605585892995,0.9563000202178955
3.7235959000057646,3.7861958100245547,6.938902887931237,0.9570000171661377
3.9900872864566006,4.000575026598844,6.782491538431738,0.9560999870300293
3.891833478754217,3.7810533080782207,6.869909523472641,0.9549000263214111
4.3423924359408295,3.439658273350109,6.984944404977741,0.954200029373169
3.6820269452200995,3.8145206191323022,6.746666491031647,0.9526000022888184
4.039452285557003,3.8713480007080805,6.617520449112873,0.9550999999046326
4.418239526315169,3.8850948082076178,6.875718381669786,0.95660001039505
4.473809602525499,4.17050210918699,6.952805161476135,0.9585000276565552
4.515909868937272,3.816527732213338,6.996125745773315,0.9556000232696533
3.7321426577038235,3.7298762003580728,7.062745399475098,0.9520000219345093
4.047195291519165,3.8478940261734857,6.984857258973299,0.9487000107765198
4.155422246817387,3.3762221397497716,6.788594948939788,0.9466999769210815
4.422170788049698,2.8894950662340437,6.788233622908592,0.9480000138282776
4.241639326887521,3.845949259671298,6.983865715099864,0.9470000267028809
4.449356443352169,3.802304313399575,7.032036429703838,0.9476000070571899
4.02515189071278,4.330521623293559,6.757043673878624,0.9472000002861023
3.2111221392949423,3.821233876546224,7.3631186246871945,0.9440000057220459
4.015141902547894,3.930783076719804,6.979435512513826,0.9417999982833862
3.558075673652418,4.210386046496304,6.945275400624131,0.9397000074386597
3.742531577309409,3.769131231307983,7.019158560889108,0.9469000101089478
3.7228779196739197,4.108641547248477,6.9152285099029545,0.954200029373169
4.435094124741024,3.9536787076429887,6.817313483267119,0.9552000164985657
4.140592395604312,3.8557310754602607,6.84211278581,0.9514999985694885
3.4865794579188027,3.9947964986165365,6.786272322690046,0.9476000070571899
3.6362047604152132,3.435924749147324,6.799523260328505,0.9437999725341797
3.688232264348439,3.65582389490945,6.980179101228714,0.9426000118255615
3.2903489705288047,4.173881681760152,6.8030744261211815,0.9466000199317932
4.017173188073294,3.7719241976737976,6.999365413581932,0.9503999948501587
4.016067926088969,3.995753600862291,6.879410510063171,0.9514999985694885
4.437617354340606,4.26529250722943,6.856478517963772,0.9524000287055969
4.590845038493474,4.213002014160156,6.705629807931405,0.9514999985694885
4.221371243216774,3.66494367367182,6.988921772349965,0.9484999775886536
3.827327251434326,3.3682401353662663,7.3861666419289325,0.9466000199317932
4.0654235998789465,3.945544319682651,7.168144863843918,0.9470000267028809
4.199049221144782,3.910272481224754,7.075192986112652,0.9453999996185303
3.968005927403768,3.5320966243743896,7.121510047912597,0.9434999823570251
3.6543168024583297,3.8198331594467163,7.185031736739958,0.945900022983551
3.911271862931304,3.1325564043862477,7.36810827255249,0.9473000168800354
3.9476562568119595,3.1080589493115744,7.147159457206726,0.9491000175476074
3.7237658435648138,3.180746603012085,7.1265842524441805,0.9491999745368958
4.411597147854891,3.435491845342848,6.868364438143644,0.9484999775886536
4.6868637927940915,3.4451168051787784,6.792109094560146,0.9501000046730042
4.259428795901212,3.5353753434287176,6.928811193716647,0.9524999856948853
4.352140557634962,3.449742801261671,6.926108306362515,0.953000009059906
4.520717017578356,3.2739957571029663,7.020263761281967,0.954200029373169
4.620587050914764,3.1612313952710895,6.784571303261651,0.9557999968528748
3.540390596939967,2.803215662638346,7.173947863526397,0.95660001039505
4.357669268954884,4.642658281326294,6.892652973984227,0.958299994468689
4.261051772496639,3.5783323194041396,6.996824839176276,0.9502000212669373
4.233448071913286,3.8927356468306646,6.744568111920597,0.942300021648407
4.008803197315761,3.7706442356109617,7.197865509986878,0.9376999735832214
4.513786743848752,3.798687892955738,6.944286257356078,0.941100001335144
4.0837502660173355,3.808432306562151,6.740966694695609,0.9535999894142151
3.8609213737341075,4.002225582416241,7.040455846996098,0.9578999876976013
4.301480034419469,3.7566194193703786,6.99943619966507,0.9556000232696533
4.182606084224505,4.534256478150685,6.891079992310614,0.9514999985694885
4.066090289751688,4.039604110377176,7.230960154533387,0.949400007724762
3.8181292057037353,3.8751451401483443,7.24013040592144,0.9465000033378601
4.200872164784056,3.5339652209570915,6.986193554268943,0.9478999972343445
3.3470852176348367,3.355425877230508,7.200624663382769,0.9488999843597412
4.127921785248651,3.9795773455074857,7.263242173194885,0.949999988079071
3.9250386442456926,3.731806739171346,7.250316093365352,0.9509000182151794
4.040733227952879,4.103471353198543,6.9883888646175985,0.9520999789237976
3.914443354379563,4.233723333903721,6.826111502874465,0.9517999887466431
3.956716299057007,3.587276895840963,6.795705537001292,0.9539999961853027
3.9112570550706653,3.1866427958011627,7.1490709728664825,0.9541000127792358
3.609452125353691,3.498434407843484,7.05141180804652,0.9528999924659729
4.220209783977932,3.754842180194277,7.038774832089742,0.9505000114440918
4.523032869611468,4.35104738148776,6.762608695339847,0.9502999782562256
4.067845198512077,3.419370016881398,7.035237863659859,0.9513000249862671
4.0738464359081155,3.849792226155599,7.190924485524495,0.9538000226020813
4.031802083764758,3.736193577448527,7.273415213823318,0.9545000195503235
3.691048097610474,3.4226791090435453,7.242028579711914,0.9539999961853027
3.8112359728131975,2.8401256104310355,7.284819398607526,0.9557999968528748
3.9412540942430496,3.020246684551239,7.337648421525955,0.9577000141143799
3.87620498583867,3.7140096293555365,7.171384084792364,0.9570000171661377
3.1728186342451306,3.501488657224746,6.979705462380061,0.9557999968528748
3.5695793674542355,3.8115989901802756,6.812220403364488,0.9546999931335449
2.9530032767189875,3.6455580032233037,6.86720476547877,0.9524000287055969
3.198206188943651,4.000465710084517,6.9043068613324845,0.951200008392334
4.124584001499218,3.316142366045997,6.93132207831558,0.9519000053405762
3.6259786119827857,3.218003639669129,7.142146220574012,0.9531999826431274
4.120310261394039,3.704349899291992,6.855923573176066,0.9550999999046326
3.697032588900942,3.5362224596919436,6.917641096644932,0.9567000269889832
3.5814016801970348,3.269498782498496,6.940900780260563,0.9581000208854675
3.5668136981817393,3.5066513816515603,7.024576558007134,0.9595000147819519
3.843041531967394,3.5163470138203015,7.102617285468361,0.9595999717712402
4.143859750574285,3.2280368393117733,7.205285241781187,0.9567999839782715
4.18010564492299,3.5981530480914645,6.9708907991393,0.9527999758720398
4.239208953721183,3.1136690276009698,7.188869698842367,0.9520999789237976
3.6281128146431665,2.977830375943865,7.312623714407285,0.9487000107765198
4.408735609054565,2.9760176638762155,6.977156802861377,0.9470999836921692
4.346854392025206,2.897680699825287,7.397954787737057,0.9524999856948853
4.421947825948397,3.1591567932031093,7.140446917368815,0.9591000080108643
4.32293868931857,3.744521145387129,6.878090728412975,0.9643999934196472
4.724144909408066,3.9684393320764815,7.086756927626474,0.9657999873161316
3.8751010417938234,3.5532666471269394,7.116675100326538,0.9657999873161316
4.231660345622472,3.0399307860268485,7.413355801900228,0.9645000100135803
4.037355303764343,3.9205089915882456,7.082971264918645,0.9628999829292297
4.131289113651622,3.2935995393329196,7.0787600521688105,0.9605000019073486
3.67734179741297,3.8126274332022057,7.237457461611053,0.9589999914169312
4.093722874468023,3.9414234459400177,7.096682136257489,0.9584000110626221
4.65965473651886,4.226597368717194,6.997431914011638,0.9603999853134155
4.2548892259597775,3.3229570620589786,7.15624361038208,0.9623000025749207
4.286905287386297,4.156811661190456,7.188367820921398,0.9650999903678894
4.182466646035512,3.97750301361084,6.994291334441214,0.9653000235557556
4.464966201606919,4.185851201866612,6.970505677017511,0.9639999866485596
3.9584392243689233,3.567511304219564,6.951362592833383,0.9624000191688538
3.6429809808731077,2.9031107407627683,7.399505878939773,0.9617999792098999
4.541479045694524,3.8490826216610996,7.12291034785184,0.958299994468689
4.432098713788119,3.631761562256586,7.304858721695937,0.9581000208854675
4.456160322102633,3.423143487506443,7.320571604642001,0.9577000141143799
3.984176312174116,3.546518153614468,7.3094790776570635,0.9606000185012817
3.8438975466622245,2.8547270638602122,7.424296992165702,0.9627000093460083
3.8975148128740713,2.8459494484795465,7.061648277441661,0.9650999903678894
3.393071792064569,3.618573955127171,7.29798758488435,0.96670001745224
4.275584023649042,3.384061574935913,6.93960863460194,0.9686999917030334
4.514404367177915,4.196394009249551,7.034274082917434,0.9675999879837036
4.277852258621118,4.669913709163666,6.881064476110996,0.9661999940872192
4.334581797773188,3.636214179462857,7.174244898015803,0.967199981212616
4.615100815561083,3.6787341066769192,7.104088371992111,0.9678999781608582
3.462721071072987,4.3060637844933405,6.849795381228129,0.9660999774932861
4.168767915977226,4.2265654563903805,6.811715473447527,0.9656999707221985
3.003987601825169,3.5177182980946133,6.916184497731073,0.9668999910354614
3.759483505430676,3.905466151237488,6.943495241800944,0.9661999940872192
3.983473716638027,3.8047623464039395,6.906857004532447,0.9643999934196472
3.9317868020799427,4.316449132230547,6.785297552744548,0.9643999934196472
4.186171152762005,3.891601655218336,6.958632826805115,0.9642999768257141
4.300417817555941,3.655973720550537,7.095833191504846,0.9642999768257141
4.731421560332889,4.3698714640405445,6.827471895571108,0.964900016784668
3.809365265297167,3.998671514337713,7.06190861716415,0.9660999774932861
3.7666455427805583,3.619898715189525,6.974876652161281,0.9645000100135803
4.013641114668412,3.023600753810671,7.046454395910706,0.9623000025749207
4.403122601906459,3.9625458187527127,7.068928149342537,0.9603000283241272
4.0892988840738935,3.174536330359323,7.265372123037066,0.958899974822998
4.241961578528087,3.9437465800179377,7.156191004647149,0.9581999778747559
4.418629738000723,3.7296702934033945,7.19779721612022,0.9589999914169312
5.003414359357622,3.7654012625034037,6.840858076372717,0.9602000117301941
4.66195076879333,3.9915785175381284,7.09497143240536,0.9616000056266785
4.4900667457019585,4.208907730049557,6.9811463106691445,0.9649999737739563
4.25064998106523,3.7503101258050826,6.999976294381278,0.965399980545044
4.002207872631786,3.232637645342411,7.042319934446733,0.9652000069618225
4.122538492414686,4.130214595794678,7.111655116081238,0.9660000205039978
4.1165803061591255,3.9790315561824374,7.11319768693712,0.9661999940872192
4.41023469888247,3.675410253351385,7.143059173664013,0.9646000266075134
4.8425159102831135,3.9969711496549496,6.827102160561678,0.9639000296592712
4.4500262195413764,2.593013644218445,7.13576154275374,0.9629999995231628
3.1626556678251787,3.7918024486965605,7.164438594471324,0.9624000191688538
3.5198851994105746,3.9970581878315317,6.917146286407075,0.9613000154495239
3.900151258044773,3.861782040860918,7.34413562880622,0.9613999724388123
3.9835102452172175,3.4278307144458475,7.030621821539743,0.9624000191688538
4.1863351157217314,3.6939495972224643,6.889270856976509,0.965499997138977
4.264083571923085,4.206583627065023,7.067419892091017,0.9686999917030334
3.5798053854987737,4.172602685292562,6.914325452986217,0.9685999751091003
4.223796015435999,3.6546296647616794,6.7959182759126024,0.9681000113487244
4.415481779310438,3.524103038961237,7.121819634871049,0.96670001745224
4.426661729812622,3.626527961095174,6.911947617928187,0.9660000205039978
4.522318763610644,3.726898653166635,7.088235084827129,0.9670000076293945
4.525671134392421,3.796164894104004,6.920661777257919,0.9678999781608582
4.220601578553517,3.5220540334016848,7.238077603853666,0.9682000279426575
4.584796944817344,3.9078325748443605,7.15038401739938,0.9675999879837036
4.449341833591461,3.8310816317796705,7.224833740128411,0.9672999978065491
4.21361006823453,3.952222066921192,7.091355264960946,0.9678000211715698
3.735803305019032,3.7333462834358215,7.05834806507284,0.9674000144004822
4.279986408021715,4.098209399443406,7.179429079936101,0.9675999879837036
4.242825396855673,4.6936799968991965,7.128574293851853,0.9678999781608582
4.157338809967041,3.566435628467136,7.26035197046068,0.9688000082969666
3.7076840313998134,3.6391095293892755,7.165494706413963,0.9688000082969666
4.027325736151801,3.85907064014011,7.298413510322571,0.9706000089645386
4.291000832210887,3.5423722167809806,7.217773896676523,0.97079998254776
4.335252227205219,3.917572285189773,7.278988569974899,0.9700999855995178
4.298137251536051,3.9440223574638367,7.203617811203003,0.9672999978065491
4.9141941751752585,3.775214008851485,7.10225402767008,0.9660000205039978
4.963999883996116,3.8872001474553888,7.016986403802429,0.9642000198364258
4.200184670778421,3.188389261563619,7.13408408846174,0.9656999707221985
4.298480955037204,3.7592381494385854,7.304155841469765,0.9646999835968018
4.580499468705593,3.8820206097194125,7.19257355260325,0.9628000259399414
4.4253527467901055,3.751936117808024,6.985894990689827,0.9641000032424927
4.520068943500519,3.6703289270401003,7.234285979800754,0.9635000228881836
4.364640814917428,3.8612273467911615,7.306154449780782,0.9666000008583069
2.9346802035967507,3.628306976386479,7.151952279938592,0.9674999713897705
3.088972141525962,3.720359992980957,7.132636447386308,0.9664000272750854
4.6349922683503895,3.8812827269236245,7.070312292147905,0.9643999934196472
4.858098331725959,3.904459970338004,6.927380313475926,0.9624000191688538
4.213988913939549,3.965184039161319,7.018621845734425,0.9595000147819519
4.060577600652521,3.8638354513380264,6.947399906678633,0.9574999809265137
4.293065109423229,3.721404154511059,7.144681706148035,0.9567999839782715
4.466137882735994,3.335180495466505,6.9496052794986305,0.9584000110626221
4.210406604680148,4.29230759257362,7.043243854076831,0.9573000073432922
3.821993334669816,3.687966221418136,7.3365532948420595,0.9562000036239624
4.516307954402531,3.8894124666849774,7.161437817180858,0.9555000066757202
4.618743538856506,4.401312902238634,6.993549543619156,0.9575999975204468
4.806903180621919,3.7131109351203557,7.1277126085190545,0.9617000222206116
4.427607933680217,3.343284985754225,7.146386281649272,0.9639999866485596
3.7794680956638222,3.4159219529893665,7.366978261205885,0.9664000272750854
4.156023839541844,2.838952589035034,7.29392427964644,0.9681000113487244
4.354792434157747,3.5731377919514973,7.078923066457112,0.9692000150680542
4.6320752276314625,3.659128620407798,6.964110959659923,0.9708999991416931
4.700456244604928,4.048980206913418,7.132355266809464,0.9708999991416931
4.658512090191697,4.189902908272213,7.064103506229542,0.9677000045776367
4.351698123491728,3.3885824453263056,7.023279991778699,0.9646999835968018
4.334976020786497,4.485260979159848,7.0608978687770785,0.9587000012397766
4.6820628469640555,3.8141915870435312,7.231653527780012,0.9491000175476074
4.4293758532939815,3.5438749422629674,7.078622765265978,0.9473999738693237
4.1043511159492265,3.389303730593787,7.249887342806216,0.9520000219345093
4.030981752898667,3.868746882135218,7.011809209982554,0.9605000019073486
3.7996170434084804,3.52673767190991,7.112734552585717,0.9628999829292297
3.8558188915252685,4.0845566645167235,6.828142582045661,0.965399980545044
4.179029394418765,3.762041353818142,7.0694548930877295,0.9623000025749207
4.48687930334182,4.181784532882355,6.790332521711077,0.9539999961853027
3.9454133643044367,3.9544539928436278,6.857836520230329,0.9521999955177307
4.523010966542003,4.06538200378418,6.7163392049925665,0.9544000029563904
4.2146824143149635,4.041810369491577,6.870730580705585,0.9567000269889832
4.07477126462119,3.8979405502478284,6.87991827527682,0.9609000086784363
3.80607499395098,4.094831164677938,6.699386135737101,0.9634000062942505
3.27601626089641,3.893704260720147,6.419166076183319,0.9625999927520752
4.35484425510679,4.010031866304802,6.680232182145119,0.9629999995231628
4.7679898882960225,3.8293878598646685,6.893856667853021,0.9635999798774719
4.237766393025717,4.282901262146195,6.741929023354142,0.964900016784668
4.551316803151911,4.29350097396157,6.9648190628398545,0.9649999737739563
4.53581727206052,3.9822428794134233,6.773205830126392,0.9646000266075134
4.241601958419338,3.9384532620509467,6.783582665026188,0.9632999897003174
4.055400304722063,4.643352701550438,6.6003875107992265,0.9639000296592712
4.635575362813403,3.6666757020083343,6.858454058615215,0.9642000198364258
4.269665947466185,3.8422029495239256,6.617539001835717,0.9643999934196472
4.1988468730088435,3.4194920084693217,6.86030370538885,0.964900016784668
4.145424646335644,3.974541033638848,6.313555673190526,0.9656000137329102
4.253739751047558,3.83861797506159,6.73204174427071,0.967199981212616
3.755592335595025,3.7879967859813144,7.013434052467346,0.9653000235557556
3.4357630708715416,3.6063443740208943,6.900119757652282,0.9627000093460083
3.7818020582199097,3.453817049662272,7.263915886481603,0.9593999981880188
4.412662107294256,4.138074607560129,7.001624165159283,0.954800009727478
4.364641317454251,3.7026812705126675,7.053980003703725,0.955299973487854
3.8923704594373705,3.8180561195720326,6.842556869441813,0.9578999876976013
3.9911672274271646,3.896261658933428,6.817172774562129,0.9620000123977661
3.716589190743186,4.1069661530581385,6.943821896206249,0.9657999873161316
3.992678540093558,4.21354392502043,6.801150155445886,0.9664999842643738
4.295054247162559,4.0197073672757,6.8920443310882105,0.9585999846458435
3.833791268594337,3.849273180961609,6.641610487302144,0.9484000205993652
4.025527110966769,3.9296293540434406,6.751488342758052,0.9376999735832214
4.090564486715529,3.690676586968558,6.547101477214269,0.9412000179290771
4.111562188182559,3.5299248780523027,6.834887109696865,0.9441999793052673
3.7457781311793203,4.122098795572916,6.764833340278039,0.9495000243186951
3.980548802289096,4.054788446426391,6.339279252832586,0.9562000036239624
4.084417230432684,3.6854789928956464,6.764508763620676,0.9613000154495239
4.567683590783013,4.124755993756381,6.918176546963778,0.9642999768257141
4.356651271834518,4.103398587022509,6.97851687669754,0.965399980545044
4.449032268463037,3.8716556259563992,7.172097105246324,0.9646999835968018
4.268163800239563,3.937869209713406,6.920853632146662,0.9642999768257141
4.209345483779908,4.043257819281684,7.105661529964871,0.9628999829292297
3.642033871677187,3.901892237229781,6.949004467087563,0.9610999822616577
3.9246666538409696,3.9750545660654706,7.1819388352907625,0.9595999717712402
2.812240230185645,3.961648601752061,6.975243040493557,0.958899974822998
3.2541242122650145,3.95827469589946,7.0177440983908514,0.9605000019073486
3.9859196969441006,3.8761239505949474,7.26426374060767,0.9627000093460083
4.0079326048875465,3.880435761951265,7.209719888456575,0.9642000198364258
3.4436940806252614,4.094525288312863,6.878301482934218,0.9624999761581421
2.4402367014151354,4.023084656397502,7.123853286107381,0.9602000117301941
3.687224324260439,3.5273864772584704,7.097102874517441,0.9564999938011169
3.9903862012757196,4.356651724913181,6.951813400301159,0.9539999961853027
4.088647213849154,3.8785635202358932,6.91927663790874,0.9577999711036682
2.899058792807839,4.0398770014444985,7.060891736637462,0.9617999792098999
3.926432649294535,3.975431753529443,7.036439000235664,0.965499997138977
4.0995926402864,4.266331964068943,7.003408969394744,0.9688000082969666
4.214861670136452,4.151851389143202,7.051526874303818,0.9710999727249146
4.483424123489495,3.902921219666799,6.903034691457395,0.9702000021934509
3.846854310943967,3.9912814497947693,6.870676982402801,0.9693999886512756
4.353686901239248,4.313369067509969,6.824025994255429,0.9670000076293945
4.1557761589686075,4.182660784986284,6.991100655661689,0.9656999707221985
3.989495058636089,3.3877110939759474,6.884474251296494,0.9645000100135803
3.819979284026406,3.6833819680743747,6.806852369597464,0.9629999995231628
2.8913095633188886,3.5447440667585894,6.752800493529349,0.9621999859809875
3.912306989942278,3.594790285978562,6.716552876509153,0.9642000198364258
3.875649330351088,3.76323674808849,6.837251381440596,0.9660999774932861
3.322573676976291,3.7120574207016914,7.074607805772261,0.9677000045776367
3.9650922255082564,3.6316684683163962,6.950215783986178,0.9679999947547913
4.04628816180759,3.406901493217006,6.9267085512479145,0.9679999947547913
4.169798132351467,4.136467372046576,6.8622604179382325,0.9664999842643738
4.204362802016429,3.838493993065574,6.9644828843070075,0.9664000272750854
4.112426805496216,4.302900751868447,6.8060115507670815,0.9674000144004822
3.8704485875187498,3.968023186638242,6.989081399781363,0.968999981880188
3.4362191351977263,3.7991336498941695,6.813811708580364,0.9718999862670898
3.386388592860278,3.2830537539539915,6.899095359970541,0.9717000126838684
3.9722328867231096,3.3882035334904987,6.747073239088058,0.9706000089645386
3.895918689229909,3.7798962720802853,6.690409211551442,0.9682000279426575
3.3067574977874754,3.6655397017796836,6.756599960905133,0.9670000076293945
3.4681664970186024,3.519519636264214,6.7143581133622385,0.9643999934196472
3.585174247953627,3.62960271193431,6.691769691614004,0.9641000032424927
3.5234391159481473,3.5139571905136107,6.74187328338623,0.9642000198364258
3.7496785720189414,3.7572419166564943,6.805220942063765,0.9656000137329102
4.033291697502136,3.5658855968051486,6.81106589794159,0.9674000144004822
3.67844291528066,3.7704586732955208,6.8669881248474125,0.9682999849319458
3.5262072960535686,3.6476356983184814,6.972736096382141,0.9703999757766724
3.5350893129001966,3.6832061949230375,6.8284548412669785,0.9713000059127808
4.022322867855881,4.018729956944783,6.96772485309177,0.9722999930381775
4.333980666266547,3.8189078993267485,6.68584312333001,0.9732000231742859
4.292232144962657,4.08117053243849,6.688657225984516,0.9735999703407288
3.5808644771575926,4.272584844770885,6.932951110204061,0.9725000262260437
3.88134708404541,3.834537326721918,7.047684254116482,0.9718000292778015
4.498634670461927,4.071984643027896,6.930715586457934,0.9710000157356262
4.436857865073464,4.2673360384427586,6.923509521084232,0.9696999788284302
4.468204154418065,3.7234770229884555,7.050226124433371,0.9685999751091003
4.543092157159533,4.099346114529504,7.011016375488705,0.9678999781608582
3.9622727789721646,3.589606629477607,7.143039733644516,0.9678999781608582
3.868376304705938,3.937802968603192,7.0901858939064875,0.9692999720573425
3.9018835717981513,4.0541895654466416,7.177504721554842,0.9722999930381775
4.343673944473267,3.382130242056317,7.1171009687729825,0.972599983215332
3.5657651894020312,4.142030278119174,6.939562949267301,0.9735999703407288
4.239380968941583,3.9559204975763955,6.96875323454539,0.9715999960899353
3.6986158472118955,3.6169268131256103,7.176798983053728,0.9696999788284302
4.0399528317981295,3.250423378414578,7.00420871257782,0.9671000242233276
3.68837607671053,3.013824552959866,7.033244705200195,0.9650999903678894
3.803205923901664,3.1855927478699457,6.998586155119396,0.9660999774932861
4.156584782070584,3.556331157684326,6.830967102050781,0.9684000015258789
4.127581561695446,3.888984881507026,6.935683657906273,0.9714000225067139
3.667512629248879,3.6119796465604734,6.760563687011079,0.9713000059127808
4.128262507193016,3.970493257045746,6.936822246622156,0.9689000248908997
3.829723004783903,3.768479813469781,6.754286330938339,0.9660999774932861
4.086846232414246,3.3875717249783603,7.016172468662262,0.9661999940872192
3.74326155450609,3.7546133214777164,7.193395510586825,0.9678999781608582
3.775391687046398,2.943608271224158,7.069238101442655,0.9695000052452087
4.105809614771888,3.778713729646471,6.99619530117701,0.9710000157356262
4.397168916005355,3.4546325462205068,7.023280803973858,0.9710999727249146
3.959527458084954,3.6932763044650736,6.9721369436808995,0.9718000292778015
3.9808576107025146,3.3156110176018307,7.029598434766133,0.9722999930381775
4.347477603484602,4.439178482691447,6.935846979477827,0.9728000164031982
4.165866488880582,4.475032463940707,6.736761591651223,0.9742000102996826
4.1719667651436545,4.4648560104948105,6.942323551033482,0.9753000140190125
4.17625872194767,3.5892302188006315,6.93008030815558,0.9753999710083008
4.30023401000283,2.9245065132776897,7.12558481910012,0.974399983882904
3.9948089599609373,3.4360147449705334,7.351091681586372,0.9726999998092651
4.293397619174077,3.699271084406437,7.039120657204171,0.972000002861023
4.605788141489029,3.768923044204712,6.784672373817081,0.9717000126838684
4.107013775752141,3.3240170760588215,6.941402992644868,0.9721999764442444
4.28379291958279,3.707485112879011,6.95887914116,0.9726999998092651
4.3626204620708116,3.2985577157565524,7.077827632427216,0.9728000164031982
4.014040993650754,3.6089937686920166,7.019754037261009,0.9721999764442444
3.6076668898264566,3.5662708679835,7.171072178416782,0.9721999764442444
3.8321161331499325,4.052439280045339,7.192434813641855,0.9721999764442444
3.970883942011631,3.822532801917105,7.184651623169581,0.9718000292778015
3.0866988288031685,3.088632566278631,7.317341336337003,0.972000002861023
4.003403970173427,3.723512360027858,7.221158936619759,0.9731000065803528
4.142540788650512,3.4170182228088377,7.265192778905233,0.974399983882904
3.400759817479731,3.08194719420539,7.4428560938153945,0.9751999974250793
3.9770358971187045,3.809041972343738,7.260371512109106,0.9765999913215637
3.258067961172624,3.962768929345267,7.227072486629734,0.9772999882698059
3.04467625277383,3.693166907628377,7.325760990381241,0.9772999882698059
3.459737320741018,3.336392553647359,7.279459677802192,0.9765999913215637
3.9793512874179418,3.607640605984312,7.145222715536753,0.9754999876022339
3.7088339068672873,3.071056352962147,7.280265457374005,0.9736999869346619
4.271133812268575,3.2808299462000527,7.037797451019287,0.9728000164031982
3.6057837681336835,3.4782843536800807,7.3215435331518,0.9714999794960022
4.0469712575276695,3.5593835512797036,6.853155599321638,0.9695000052452087
3.8038580706625273,3.956012879099165,7.143363722165426,0.9681000113487244
4.270844152995518,4.15572204039647,7.073407264856192,0.9671000242233276
3.702588737010956,3.7563127438227335,7.344497140248617,0.9682000279426575
3.332517441776064,3.860816462834676,7.24634971442046,0.9695000052452087
3.8822290138764814,4.1138092790331156,7.078407891384967,0.9717000126838684
4.06792294328863,3.7013784050941467,7.070328370489255,0.9729999899864197
3.7654320001602173,3.9231352739863925,7.081053627861871,0.9739999771118164
4.0039718133030515,4.097593161794874,7.049425774150425,0.9739999771118164
3.5629106845174516,3.3210441306397156,7.292308986186981,0.9761999845504761
3.687671661376953,3.872525151570638,7.1349725524584455,0.9765999913215637
4.024304594312396,3.085807793790644,6.920768948344441,0.9747999906539917
2.8602217866314783,3.428014269896916,7.146685130066341,0.9726999998092651
3.5849471672987328,4.6606394449869795,7.019783716935378,0.9707000255584717
3.9458433985710144,3.770016706906832,7.299248748355442,0.9696000218391418
4.143201022677951,3.75200054759071,7.290300158091954,0.9682000279426575
3.512758776997075,4.073441433906555,7.365988572438558,0.9684000015258789
4.06246444724855,3.688384546683385,7.171060577853695,0.9690999984741211
3.9830934206644693,4.033159588064466,7.118284732103348,0.9696999788284302
3.42852049607497,3.4825780500065195,7.310097084416972,0.970300018787384
3.993637341719407,3.6121249957518144,7.072830652579283,0.9695000052452087
4.148377614361899,3.243661904335022,7.099512231349945,0.9681000113487244
3.493709828609075,3.7936522441032605,7.3345322862884705,0.96670001745224
3.59527663751082,3.93276861342755,7.09352554903402,0.9656000137329102
4.01920923921797,3.789054666246687,7.183936854203542,0.9653000235557556
3.5810087290677157,3.7771058718363446,6.92987158948725,0.9643999934196472
4.192366905284651,3.3323542421514336,6.92087383703752,0.9648000001907349
4.012968783850198,4.005367351902856,6.9141814065358,0.9646000266075134
3.8070244703974043,4.429571814007229,6.715552118089464,0.9648000001907349
3.355002178086175,3.8322439049229478,6.791317848364512,0.9646999835968018
4.063337303124941,3.588660661990826,6.925195891476242,0.965399980545044
3.364492939578162,3.5169051800455366,6.728035363886091,0.965399980545044
3.745436796775231,3.866878198252784,6.914390268779936,0.9664999842643738
4.3113281921906905,3.3565799409692936,7.1006591733822155,0.9684000015258789
4.037231624126434,3.2924848761823444,7.111988725485625,0.9693999886512756
3.9092067109213935,3.262022452695029,6.990100139379502,0.9710999727249146
3.4343782735593393,3.6797526879744096,6.910489515824751,0.9728999733924866
3.6990882136605,2.749516738785638,7.008197408733946,0.9729999899864197
3.06199517213937,3.6399760733951223,6.8712579972214165,0.9739999771118164
3.082749366760254,2.95685744550493,6.746360310641202,0.973800003528595
3.368582151152871,2.6407516267564564,7.178518178246238,0.9743000268936157
3.412690610355801,2.743568682670593,7.14143536567688,0.9746000170707703
2.445922517415249,2.7258193731307983,6.914057354132335,0.9739999771118164
3.2552542903206567,2.751363558239407,7.251795942133123,0.9736999869346619
2.7055903709296025,2.891739617694508,7.259353171695363,0.9732999801635742
3.3365691701571145,3.0461104604932996,6.9908930884467235,0.9722999930381775
3.1861049220675515,3.0288174980216556,6.717921907939608,0.972000002861023
4.042003088527256,3.434263561711167,7.07662468927878,0.9735000133514404
2.8090009060772982,2.7586697467735837,7.4442437507889485,0.9743000268936157
2.9357624613877498,4.379108203541149,7.111428076570684,0.9735000133514404
4.006620476462624,3.5366801851325564,6.90079532488428,0.972599983215332
3.44828528298272,3.555537760257721,6.836076861619949,0.9717000126838684
3.1964545832739937,3.495260633362664,6.596389045715332,0.9690999984741211
