within 1,within 0,between,Accuracy
2.9174928154264177,2.253175001878005,3.324893567588303,0.10830000042915344
2.855990099184441,2.7148878404072354,3.7793129508694014,0.10840000212192535
2.3308516435134106,2.534627779936179,3.4390670731222843,0.10869999974966049
2.6550740614915505,2.2293648600578306,3.606755124605619,0.1088000014424324
2.8490221081199225,2.559423882311041,3.7725989292194315,0.10899999737739563
2.5565033172949767,2.6486388785498485,3.6786973728583408,0.10949999839067459
2.7049430413679643,2.2234194061972876,3.8176212291087,0.10980000346899033
2.882662351642336,2.6942826800876194,4.053141358494758,0.11010000109672546
2.644739751304899,2.530098080635071,4.033972680568695,0.11050000041723251
2.3050183163748845,2.5750158548355104,3.9903266835212707,0.11089999973773956
2.7185203949610393,2.934918381951072,3.939442001283169,0.1111999973654747
2.773192941058766,2.7226041299956187,3.8573016172105614,0.11169999837875366
1.6290249304337936,2.4494898319244385,3.5242110815915195,0.11180000007152557
2.4206883964084445,2.698144466449053,3.5628995214189803,0.11209999769926071
2.8656649502840907,2.361996514456613,4.168629909103567,0.11259999871253967
3.0880822028432573,2.8873599184883965,4.030741429328918,0.1128000020980835
2.9674762133713606,2.706589331229528,3.9042178297799732,0.11289999634027481
2.877833979470389,2.6270851355332594,3.8973466272537527,0.11349999904632568
2.583505694071452,2.7993648988859996,3.909349817037582,0.11400000005960464
2.041702321597508,2.6017713026566938,3.569786781614477,0.11410000175237656
2.731585290696886,2.6534210443496704,3.653355395793915,0.1143999993801117
2.0950986022040956,2.9802643881903754,3.73740491549174,0.11500000208616257
2.6762011766433718,2.250476763361976,3.784620898110526,0.1151999980211258
2.8561917849949428,3.088887893491321,4.1249164634280735,0.1151999980211258
3.173752800984816,2.882088989019394,3.9858175339522184,0.11559999734163284
2.7359686526987286,2.8943951457411377,3.9060003700710477,0.11590000241994858
2.9634815960219414,2.473904093106588,3.906922241051992,0.11649999767541885
2.8571756043276944,3.324927313460244,4.12178223284464,0.1168999969959259
2.96405772455446,2.661669876358726,3.960846569631007,0.1177000030875206
2.904316781423031,2.5246156798468697,3.8359733709922206,0.11829999834299088
3.119947768393017,3.1415987610816956,3.9449336717999173,0.11840000003576279
2.706594906070016,2.8173045290840997,3.941372372706731,0.11919999867677689
3.1391499042510986,2.1775279310014515,3.7921798418438626,0.11980000138282776
2.6544889666817406,2.946453034877777,3.7266042304761484,0.12030000239610672
2.598452778089614,3.159928462240431,3.69799409866333,0.12070000171661377
3.0195582799422436,2.772405340936449,4.013964632841257,0.12129999697208405
2.6298476775487263,3.0631251985376533,4.153886712259716,0.121799997985363
2.580551693656228,2.9334448079268136,3.7380319749466095,0.12210000306367874
3.007189980058959,2.9595678673850165,4.005630040168763,0.12229999899864197
2.605152164806019,3.0127978324890137,3.904956514185125,0.12280000001192093
3.1201484763261043,2.149297661251492,3.7961457283408553,0.12290000170469284
2.7832071175177893,2.3985697499343326,3.7477807886898518,0.12389999628067017
2.7326852594103133,2.8225388542199745,3.775661816963783,0.12470000237226486
2.388735498700823,2.88597177808935,3.9066506577776625,0.12559999525547028
2.6464167955594187,3.174604671342032,3.8954295814037323,0.12639999389648438
2.835931794765668,3.0419172178615224,3.8969243439761074,0.1265999972820282
3.332651393281089,2.841372260180387,3.967523950518984,0.12710000574588776
2.8742394989187066,3.055456274205988,4.065351997361039,0.12790000438690186
2.7269171608818903,2.649445870092937,4.045569916566213,0.12870000302791595
3.0300337697330275,3.0717403676774766,4.066226489543915,0.12950000166893005
3.1901429631493308,2.8965198144768225,4.053882765047478,0.13009999692440033
3.153436524217779,2.9946321692222204,4.031404728656049,0.1307000070810318
2.8592555046081545,2.615620736237411,3.931414667662088,0.13179999589920044
3.059297127383096,2.6447760126529594,3.9745081548507395,0.13259999454021454
2.8382403559154934,2.60084367858039,3.8779681801795958,0.13339999318122864
2.963595071705905,2.6462052239312066,3.8476990006186744,0.1340000033378601
2.968124145811254,2.7085700740416843,3.5829361925522485,0.13510000705718994
2.9595858400518242,2.120506509145101,3.6064704223112627,0.1348000019788742
3.1509457916924446,2.4237323813968237,3.524691853920619,0.1356000006198883
2.9187796917828646,2.4286981556150646,3.543696586531822,0.13609999418258667
2.804357006333091,2.721030871073405,3.514784646756721,0.13770000636577606
2.486420310460604,2.3132887965156916,3.5337583232711958,0.1386999934911728
2.690004725889726,2.0528613896597,3.5799248837805413,0.13899999856948853
2.4953278014154145,2.0300458455697084,3.509863245181548,0.13989999890327454
2.729857587814331,3.1272890199314465,3.7559934095902876,0.1404000073671341
2.4816656708717346,2.902447064717611,3.4832837333281836,0.13940000534057617
2.3059131882407446,2.2827664548224145,3.302690567908349,0.14090000092983246
2.704800470308824,2.6005496780077615,3.4517383840348987,0.14100000262260437
2.4997625284724765,2.596182312284197,3.462535639603933,0.14110000431537628
2.699755317514593,2.067959180245033,3.5353465931756154,0.1420000046491623
2.7066375063015866,2.764922472563657,3.531125762523749,0.1428000032901764
2.8664037296266267,2.537806831465827,3.6014081637064614,0.14419999718666077
2.8535658844879697,2.5332201215955945,3.428273785114288,0.1437000036239624
2.8905725479125977,2.654665878324798,3.657185066629339,0.14509999752044678
2.824627137184143,2.4888923936420015,3.3922544315457346,0.1462000012397766
2.697768387122032,2.090420663356781,3.000827972705548,0.14630000293254852
2.996198542912801,2.051160365343094,3.371564648548762,0.1468999981880188
2.9777191855690694,2.208515093440101,3.4046158388063503,0.14810000360012054
2.998010132426307,2.264565198849409,3.3469310882763983,0.14900000393390656
2.4206870820787216,2.07027728893818,3.4679850559968215,0.15000000596046448
2.9247790401632137,2.303736523175851,3.5559804923050886,0.1509000062942505
2.8367911838349844,2.083155544904562,3.237546179844783,0.15479999780654907
2.7519587675730386,2.490071815448803,3.5108250833693004,0.15729999542236328
3.0800315123615842,1.9108504273674705,3.5881045162677765,0.1590999960899353
2.7378769669777308,2.823350270589193,3.3397307120836697,0.16089999675750732
2.4240467309951783,1.2571587846392678,3.2649018423897878,0.16269999742507935
2.6414956324028247,1.7578484654426574,3.3725597620010377,0.16439999639987946
2.636420969452177,2.1108175970259166,3.089411220380238,0.16689999401569366
2.3635890781879425,2.1002298268404873,3.256639656394419,0.16750000417232513
2.5130652525486092,2.118753653102451,3.3287907930520864,0.17000000178813934
2.4748863034778172,1.9884320916710319,3.130955755710602,0.1753000020980835
2.2553118521516975,2.1766002549065484,3.3955702265103658,0.1776999980211258
2.2611547419519136,2.0811074806584253,3.026723498547519,0.18060000240802765
2.56553619172838,2.580977773666382,3.2215005683898927,0.18529999256134033
2.1905042595333524,2.4669301143658706,3.1253773172696433,0.188400000333786
2.1883295514366843,2.3749465431485857,2.904684763450127,0.19089999794960022
2.2555506753199026,2.173768244849311,2.9319620549678804,0.19280000030994415
2.404091803232829,2.128058169827317,3.353691130876541,0.19589999318122864
2.4829918179247112,2.0934025599406314,3.037842964514708,0.19920000433921814
2.213951652700251,2.2903354980728845,3.0881125728289285,0.2029000073671341
2.5954887693578548,2.2375315136379665,3.033600331436504,0.20520000159740448
2.436029904927963,2.3007024244828655,2.9558437254045393,0.20890000462532043
2.0769907163851187,2.002404442287627,2.8213363356060452,0.2117999941110611
1.8804554144541423,2.2331240195216555,2.9135567628675036,0.21580000221729279
1.8770195609993405,1.7474879920482635,3.0119241542286344,0.21889999508857727
2.2158835041217313,1.9349815282556746,3.105026214550703,0.22269999980926514
2.137334623179593,2.2094101587931316,2.97835743143445,0.22689999639987946
2.293250060081482,2.16923873765128,3.1936929166316985,0.23170000314712524
2.2377863297095666,1.9915420479244657,2.9136998429257646,0.2362000048160553
2.0771377113130356,2.531110942363739,2.9814664006233214,0.24079999327659607
2.19121304064086,2.012711223959923,3.1469903166095414,0.2475000023841858
2.0528446303473578,2.36177050499689,2.9338884050883944,0.25200000405311584
2.1937808047712237,2.5010121166706085,2.9414047549168267,0.25780001282691956
2.1371809595670457,2.090599792653864,2.8148202579338233,0.26269999146461487
2.1387524240546756,1.9469281562737055,2.9538401232825384,0.2694000005722046
2.350178935311057,2.447040917295398,3.055976000097063,0.2777999937534332
2.5047626063063904,1.9960456598888745,3.021485467751821,0.2849999964237213
2.1616541062082564,2.0179722489732685,3.115307867527008,0.29190000891685486
2.0697599181107114,1.9544578817155627,2.981992504000664,0.29809999465942383
2.3646044631799064,2.122383587288134,3.0421404286667153,0.30329999327659607
2.1899932153297192,1.6337788740793864,2.8145205626885095,0.31040000915527344
2.257296936078505,2.078082431803693,2.837037605189142,0.31619998812675476
2.4145941654841105,1.9435629802090781,2.9721120446920395,0.3240000009536743
2.4589517652988433,1.8954201698303224,2.867245530540293,0.3301999866962433
2.39135619269477,2.2542123079299925,2.8518286108970643,0.3352999985218048
2.1642060862647163,1.9528693495652614,2.806423961199247,0.3422999978065491
2.341185363856229,2.3388106086037377,3.004622372713956,0.34850001335144043
1.9468166918465586,2.040298853859757,3.0029633906152515,0.35350000858306885
2.1365958062085237,2.0116672856467113,3.0445969863371416,0.3603000044822693
2.3450630009174347,1.666024923324585,3.1635815090603296,0.367900013923645
2.349876568430946,2.2181562730244226,2.7572581938334872,0.37369999289512634
2.443435529867808,2.346124953693814,2.8597119812272553,0.3808000087738037
2.3053694638338955,1.82597287155333,2.7759520769119264,0.38769999146461487
2.3720118045806884,1.822862024818148,2.716168598695235,0.3955000042915344
2.363320665700095,1.9014176845550537,3.2602327436208727,0.4049000144004822
2.182834198841682,1.77230218904359,3.0946306746739607,0.41510000824928284
2.275844449088687,1.6017276446024578,3.242776103814443,0.4235999882221222
2.2148064678365533,1.8272648530128675,2.9814084359815904,0.4341000020503998
2.2947028364453996,2.019216031119937,2.8120860546827315,0.44269999861717224
2.2536679072813555,1.8471371233463287,2.761600142777568,0.4521999955177307
2.049504628687194,1.888437357213762,2.5825258703143508,0.4616999924182892
2.045598420831892,1.80307336287065,2.6786616091375,0.4715000092983246
2.0164782957597214,1.8072076823030199,2.4913997704332527,0.4848000109195709
2.2092523168731524,1.7611458235316806,2.6935771987551735,0.4952999949455261
1.9968627393245697,2.237836061583625,2.862977355056339,0.5083000063896179
2.0275005987196257,1.7854621171951295,2.7524399667978288,0.5199999809265137
1.7617056436008878,2.0979421933492026,2.5184612444468906,0.5343000292778015
1.696599531173706,2.0502763921564275,2.4508141333406623,0.5440000295639038
1.986045981501485,2.1426512400309243,2.9022679839815413,0.5555999875068665
1.9356563424362856,1.645542860031128,2.697965630713631,0.5648000240325928
2.029881468186012,1.8786663157599313,2.804125822507418,0.5742999911308289
2.0121563152833417,2.1978343515605716,2.6099340296410896,0.5831000208854675
2.243768805112594,2.210961165882292,2.9193414541391225,0.5902000069618225
2.139080286026001,1.8511339392926958,2.6061744353710075,0.5953999757766724
2.017208993434906,2.264752209186554,2.7575837704870434,0.6004999876022339
2.40510040882862,1.8625432217822355,2.7167883649760602,0.604200005531311
2.08315446111891,1.6209032011754585,2.5016732464234033,0.6090999841690063
1.8416883251883767,2.0438933983827248,2.3788624485055885,0.6116999983787537
2.036231376908042,1.5884309106402927,2.5156887590885164,0.6161999702453613
2.127902557561686,1.6225264487844524,2.66911889399801,0.6191999912261963
2.1506100336710614,1.7058968226114908,2.4423987209796905,0.6238999962806702
2.1419528424739838,1.9943974468443129,2.7678312212228775,0.6270999908447266
1.9715900212003474,1.8560850747994013,2.5882309063484796,0.6308000087738037
1.9150003910064697,1.6547405958175658,2.4884771664937335,0.6328999996185303
2.2244805892308555,1.9011752099701853,2.687263809972339,0.635200023651123
1.96934484773212,2.0917081688389634,2.632056479100828,0.6381999850273132
1.721294769786653,1.5141765304974146,2.3739724735418957,0.6420000195503235
1.9327102292667735,2.112479837735494,2.317633459062287,0.6456000208854675
1.395358035961787,2.007332754135132,2.1302386734220717,0.6473000049591064
1.8672554913689108,1.6873870028389826,2.141369070882112,0.6516000032424927
2.0275136843705788,2.113704744312498,2.4464759072686872,0.65420001745224
2.3027103344599404,2.0820807119210563,2.5493796878390844,0.656499981880188
2.0274025960402056,1.811223749603544,2.2980722300708294,0.6588000059127808
1.7624032156808036,1.8849744781469688,2.248539388834775,0.659600019454956
1.977813152705922,1.7544420162836711,2.4821553157435523,0.6639000177383423
2.049170388115777,1.5541182968351577,2.2142473538716634,0.6664999723434448
1.6289164116094401,1.8639981235776628,2.0466671639255116,0.6639999747276306
1.869057019551595,0.5755443281597561,2.13883239030838,0.663100004196167
1.5464783579111099,1.6325142502784729,2.1914621397852896,0.6632000207901001
2.0303006479234407,1.5311377545197804,2.2437617237921113,0.6638000011444092
1.9855189995332199,1.533645749092102,2.3047793805599213,0.6636000275611877
2.0505821748213333,1.6862639254993863,2.431643925531946,0.6639000177383423
2.055046307734954,1.2678833603858948,2.335525210851278,0.6664000153541565
1.741493992733233,1.6573197762171428,2.324409713347753,0.6712999939918518
1.582923456033071,1.822136832608117,2.2135449656181865,0.6741999983787537
1.7189049555195703,1.860754364576095,2.3737958353808803,0.6779000163078308
1.640117171075609,1.7104596353712536,2.1377976502691,0.6783999800682068
1.7465065876642862,2.0214031862490103,2.370305500427882,0.680400013923645
1.7843661127668438,1.6753765041177924,2.255192649183851,0.6814000010490417
1.9048238830132918,1.4539155066013336,2.0400963867152178,0.6818000078201294
1.7347747832536697,1.386396560040149,1.897094700485468,0.6829000115394592
1.8114618803515579,1.6084187139164319,1.9525308274861537,0.6816999912261963
1.8873802489704556,1.510397258732054,2.3224324606083058,0.6826000213623047
1.9706361889839172,1.8470069127423423,2.3505089018079968,0.6840999722480774
1.8263089385899631,1.2968820942772759,2.139675569534302,0.6868000030517578
1.9765229119194878,1.4083968110573597,2.1921902977503263,0.6901999711990356
1.8308850081412347,1.6600114670666781,2.1283000103839034,0.6935999989509583
1.7784699873490768,1.95291694800059,2.2962028156627308,0.6966999769210815
1.749355515566739,1.4632958498868076,2.1460103753841286,0.6984000205993652
1.3808980703353881,1.6620363918217747,1.9659277677536011,0.6998999714851379
1.6386222197459295,1.6068897304080783,1.9728040987131548,0.7002000212669373
1.8311681552366776,1.6629549264907837,2.1890282895829944,0.6985999941825867
1.8762676980760362,1.6007806403296334,2.095159575343132,0.6977999806404114
2.0334779727153287,1.8101306862301296,2.3188312292099,0.6980999708175659
1.717842984199524,1.5635396083196005,2.4536827456951142,0.6983000040054321
2.080924065907796,1.3834738830725353,2.2813916824482106,0.7001000046730042
2.062529115965872,1.285499204427768,2.3434693851532082,0.7016000151634216
1.999744862318039,1.169732187475477,2.4082560297101736,0.7013000249862671
1.9574148752535994,1.4820178920572453,2.2183144349230535,0.7016000151634216
1.8692384560902913,1.5147589618509465,2.0972260850848574,0.7013999819755554
2.0142124930580896,1.6943075160185497,2.3655714146674627,0.6984999775886536
1.9431293063693575,1.8864437580108642,2.759348177909851,0.6966999769210815
1.9438239588881985,1.6197713895277543,2.188458018230669,0.6967999935150146
1.9603361794442842,1.6223279237747192,2.1260932060805233,0.6987000107765198
1.9470942793311654,1.871364140510559,2.298914555140904,0.699999988079071
1.8458254209586553,1.6472113734199887,2.1694217761357626,0.704800009727478
1.8230510552724202,1.258740986477245,1.9092661407258775,0.7078999876976013
1.687295912386297,1.1930929964238948,1.894360672343861,0.7117999792098999
1.8742321398523119,1.6668443918228149,2.3111195829179554,0.7164999842643738
1.660122429756891,1.1716094811757405,2.0221828895144993,0.722100019454956
1.32046554344041,1.7243849039077759,2.181665573269129,0.7267000079154968
0.5387325593919465,2.1124038457870484,2.081371921632025,0.7299000024795532
1.4579843396232242,1.3622378599949372,1.7822838405986408,0.7307999730110168
1.5891835371653238,1.241886470052931,1.7274027228355409,0.7300999760627747
1.7494728119818719,0.8480277765880931,1.5963042406808763,0.7315999865531921
1.5298464132679834,1.227565622329712,1.5118664348566975,0.7324000000953674
1.5618576136502353,1.247530663624788,1.6679334140324091,0.7347999811172485
1.7540241188473171,1.355676286870783,1.8215882507237522,0.7378000020980835
1.3393303712209066,1.4594414313634236,1.717891114205122,0.741100013256073
1.5434947113196056,1.2293145071376455,1.712278086729724,0.7423999905586243
1.4976067437065972,1.2688236448499892,1.7157248640060425,0.7415000200271606
1.6951521266590466,2.0260396202405295,2.147389029011582,0.7397000193595886
1.4775204082111737,1.9534963539668493,2.227251801107611,0.7391999959945679
1.329913161613129,1.5303982731067773,1.9905679857447034,0.7376999855041504
1.4678688526153565,1.4438792943954468,1.95442457632585,0.7372000217437744
1.5180614059621638,1.7296554697884454,1.86924870447679,0.7383000254631042
1.3438444094998496,1.5615721344947815,1.8016597647219896,0.7408999800682068
1.6092535712502218,1.766037580039766,1.9658833103950577,0.7458999752998352
1.597858828502697,1.4395229906746836,2.019962953669684,0.7468000054359436
1.7744207219644026,1.376230001449585,2.025656302769979,0.7465000152587891
2.032342459474291,1.5854019688235388,2.1107599619362087,0.7498999834060669
1.9157630785917625,1.3611584788277036,2.4516315276806173,0.7544000148773193
1.6392938397147439,1.5371462186177571,1.7957958506815361,0.7580999732017517
1.3846590595367627,1.419120784961816,1.7997360351758125,0.7598999738693237
1.8933006394993175,1.5790126588609483,2.2130035149930705,0.7638000249862671
2.0783019236155917,1.9856510639190674,2.742737889289856,0.7641000151634216
1.5384231698818696,1.5994821420082679,1.7634207016819126,0.7656999826431274
1.780749929673744,1.4021704026630946,2.000347225438981,0.765999972820282
1.4619318766471667,1.7272132373118139,1.8865830020590142,0.7645999789237976
1.4517458245867774,1.461488928113665,1.9451038469870885,0.7628999948501587
1.2739546329547198,1.562613156106737,1.886858138263735,0.7631000280380249
0.9956086503134833,1.742369600704738,1.9800069630146027,0.7615000009536743
1.0766522472554987,1.5305884565625871,1.972994858568365,0.7605000138282776
1.252497824755582,1.5329037669933203,2.000376042392519,0.7588000297546387
0.8286950399478277,1.519547551870346,2.0184641936793923,0.7605999708175659
1.3697245889239842,2.076362431049347,2.178499236702919,0.7620000243186951
1.0250933298042841,1.8063982486724854,2.051174320280552,0.763700008392334
1.6950819429598356,1.779060701529185,1.9993713602685093,0.7652000188827515
1.554522502989996,1.7652157090959095,1.692742122922625,0.7649999856948853
1.2547808777202258,1.8953323292009758,1.8820219337940216,0.7657999992370605
1.4592375569873386,1.500762727525499,2.129911830690172,0.7648000121116638
1.580061457096002,1.5347949001524184,2.0004598401550555,0.7631999850273132
1.364165374967787,1.6518173777695857,1.8348186939954758,0.7651000022888184
1.7759075845990862,1.4350802768360484,1.738893268944381,0.7663999795913696
1.2517399301131567,1.606621299471174,1.8074655020609498,0.7706999778747559
1.2446177746310378,1.6654321034749349,1.8049365546968248,0.7724999785423279
1.2281491330691747,1.5997546672821046,1.8503107339143754,0.7746000289916992
2.0087687068515354,1.418852678934733,2.315433212518692,0.7738999724388123
1.6397564865293957,1.6931012802653842,2.284365411788698,0.7750999927520752
1.491480416059494,1.7676003107002802,2.2776974383741617,0.7768999934196472
1.5430647960075965,1.8145528237024944,2.1223725884679765,0.7795000076293945
1.180667241414388,1.2775094225293113,1.9642754774245004,0.7825999855995178
1.2746910743224316,1.8210673375563189,1.8934568241759613,0.7857000231742859
1.0796517345640395,1.7842629046151133,1.8352334052324295,0.7914000153541565
1.1799520360098945,1.701676105404948,1.7982426200594221,0.7904000282287598
1.6760780876809425,1.022065349987575,1.641602416427768,0.7875000238418579
1.2335539888112972,1.393655619838021,1.7658893832793603,0.7858999967575073
1.7102919672474717,2.0426441073417663,2.2471526602904004,0.7839000225067139
1.2821854930935483,1.109766252113111,1.666851244866848,0.7836999893188477
1.7598122443471635,1.5720454624720983,2.4077488407492638,0.7815999984741211
1.825835142816816,1.4932398233148787,2.061196457772028,0.7814000248908997
1.7911818858348962,1.6754813779484141,2.2442556141000805,0.7820000052452087
1.764857257496227,1.5282447229732166,2.0370570214326715,0.7839999794960022
1.7113771667847266,1.2790286077393427,1.6178947299973578,0.7853999733924866
2.065391570329666,1.489909553527832,2.223306347926458,0.7865999937057495
1.906798192949006,1.1009892097541265,1.979986244191726,0.7879999876022339
1.3407833792946555,1.3210838735103607,1.6305354689106797,0.7893000245094299
1.3884832329220242,1.285315215587616,1.644968068158185,0.7914000153541565
1.1086373935143152,1.4087066665673866,1.5323205349537043,0.7940999865531921
0.9225781765851108,1.6561794779517434,1.624572901686361,0.7947999835014343
1.3912533272753704,1.353527341570173,1.565491912620408,0.7942000031471252
0.8,1.0188477410210504,1.5133080244064332,0.7955999970436096
1.3253807147343954,1.2949026346206665,1.7444393467903136,0.7950999736785889
1.1872111218316215,1.646752615769704,2.057021009425322,0.7922999858856201
1.678166156465357,1.259882378422357,2.1686934381723404,0.7875999808311462
1.587929626305898,1.1241959027754955,1.7712224108227612,0.7871000170707703
1.4683176297130007,1.748339661530086,1.9883323796093464,0.7901999950408936
1.9611178239186604,1.5438062846660614,1.992291036579344,0.79339998960495
1.293247906366984,1.3147496084372203,1.7577610148323908,0.7982000112533569
0.4861828638957097,1.5292579597897,1.4873697795565166,0.8015999794006348
0.38490017255147296,1.5736402706666426,1.5732916689882375,0.8033000230789185
1.2687913635197807,1.3095349019223994,1.4971762334599215,0.7993000149726868
1.5570268054584882,1.6517883168326484,1.9038300471646445,0.7961000204086304
1.3738004164262252,1.372357088508028,1.6180479228496552,0.7928000092506409
1.5841335773468017,1.4935131199432141,1.8220190116853425,0.7922999858856201
1.5303345030004327,1.887701465969994,1.9603718178612846,0.7942000031471252
1.4332222786816684,1.5196503188874986,1.7085129889574917,0.7976999878883362
0.9377929483141217,1.4558214710818396,1.5193746868107054,0.8001000285148621
1.8283151732550726,1.6727498031797863,2.1160607814788817,0.7986000180244446
1.5957574284437932,0.9500555833180745,1.6733308851718902,0.7971000075340271
1.4062814223460662,1.6046737262180872,1.9448365351328483,0.7964000105857849
1.7015908804806796,1.5674326499303182,2.1560834747372253,0.7957000136375427
1.407529699496734,1.483024639742715,1.7894504586091409,0.7946000099182129
1.30836622378765,1.4289192394776777,1.611976492863435,0.7935000061988831
1.152379525791515,1.6000339878929986,1.755360804904591,0.7929999828338623
1.343847139676412,0.8598024078777858,1.51577268242836,0.7961999773979187
1.3812189911093031,1.451278994480769,1.769778663913409,0.7986000180244446
1.2840962658871662,1.3432220339775085,1.416851190158299,0.8027999997138977
1.3304995180486323,1.5995898161615645,1.6490846595593862,0.8051999807357788
1.617698613802592,1.9005323648452759,1.8026283439000448,0.807699978351593
1.390905458193559,1.2970135297094072,1.6803796119414842,0.8112000226974487
0.9186205135451423,1.2003464963701036,1.4913723601235285,0.8148999810218811
0.6565991427217212,0.8535533845424652,1.3231625407934189,0.8129000067710876
1.3519662542220874,1.2147154490152994,1.7518970232743483,0.8122000098228455
1.1876857303437733,1.0636610951688554,1.4175750105469316,0.8097000122070312
1.3828034509312024,1.6057861111380838,1.858715001380805,0.8055999875068665
1.3024420738220215,1.3291643857955933,1.654083030919234,0.8037999868392944
1.3445562709461558,1.318406754069858,1.5084694599864459,0.801800012588501
1.2922686527172724,1.3472643322414821,1.5409567721188069,0.8051999807357788
1.2193446159362793,0.8892676702567509,1.4548074858529227,0.8075000047683716
1.1923701112920588,0.9904479152626462,1.4819930284111589,0.8122000098228455
0.875251286632412,1.3079235589865483,1.5861335261946632,0.8188999891281128
1.2238311469554901,1.450623562702766,1.7284152711558545,0.8217999935150146
1.3398983347065307,1.3769514145273152,1.6649999758776497,0.8241999745368958
1.2894828933126785,1.2347964114613004,1.632036625949386,0.8234000205993652
1.434730967608365,1.4828077384403773,1.7121912612543477,0.8215000033378601
1.6363728963411772,1.4615399333146901,1.884420164993831,0.8169999718666077
1.9079846408632066,1.597085467974345,2.236673496166865,0.8137000203132629
1.6958210600747003,1.5978877974881067,2.312014577123854,0.8129000067710876
1.6177490552266438,1.260550121827559,1.7688028045467563,0.8145999908447266
1.3750109122349665,1.3743759051841848,1.6941055647388303,0.8165000081062317
1.437124735658819,1.6017276446024578,2.195932949131185,0.8180999755859375
1.2480853492563422,1.5720612128575644,2.049468929117376,0.8192999958992004
1.4316078992117018,1.8151073954322121,2.161571549130725,0.8206999897956848
1.237332781155904,1.7377250492572784,2.006674431429969,0.821399986743927
1.3975174718432957,1.600489861362583,1.6664556665079935,0.8234999775886536
1.0654401417934534,0.8787941762379238,1.478026557713747,0.8241000175476074
1.2511312441948133,1.6172367095947267,1.7340515145888695,0.8253999948501587
1.2620613347916376,1.235677949587504,1.5330518853096735,0.824999988079071
0.9728426626234343,1.1294372762952531,1.3564993465940158,0.8245000243186951
1.2183770815531412,0.5740745804526589,1.4744789838790893,0.822700023651123
0.8885112532547542,1.07473038037618,1.2691503340999286,0.8223000168800354
0.9811484859539912,0.757761857339314,1.4149031111827264,0.8198000192642212
1.3581121842066446,0.3333333333333333,1.3879545082648594,0.8191999793052673
0.8969944285021888,1.0599996814360986,1.3938157385231082,0.8194000124931335
1.3028624568666731,1.0196152329444885,1.5752031309264047,0.8201000094413757
1.2046185235182445,1.3424816677967708,1.630357801914215,0.8190000057220459
1.4436027548529886,1.4037834052201157,1.7987780671615106,0.8191999793052673
1.4919975020668723,0.757761857339314,1.6518006460233168,0.8220000267028809
1.5078819857703314,1.0599373976389568,1.5587666181417612,0.824999988079071
1.142018805609809,1.3179344747747694,1.4988743603229522,0.8292999863624573
1.3457884735531278,1.5026569598250918,1.949398942788442,0.8300999999046326
1.7901780193502252,1.445927964316474,1.9663736885244196,0.828499972820282
1.5084826283984714,1.5390109141667685,1.8862543272972108,0.8274999856948853
1.662024230668039,1.6759941611025069,2.033397800392575,0.828499972820282
1.5888805895140676,1.493871640075337,1.8398888715439372,0.829200029373169
1.7859380536609226,1.2158939242362976,1.9833425521850585,0.829200029373169
1.7172421046665736,1.7784954634579746,2.0538294085047464,0.8276000022888184
1.867416822248035,1.392057221586054,1.9646314623379948,0.824999988079071
1.5804020426212213,1.2518285569690524,1.8913206582540993,0.8230999708175659
1.5677480300267537,0.8744743296078273,1.7906536472340424,0.8235999941825867
1.6327603046710675,1.3728171303158714,1.8662164224373115,0.8234000205993652
1.4770680362528021,1.105670483907064,1.8526813008568503,0.8238999843597412
1.558444897333781,0.8,1.7157303015391032,0.8266000151634216
1.0346629449299403,1.6197479499710932,1.616079072157542,0.8300999999046326
1.2248588303724925,1.777742087841034,2.0116227683093815,0.8361999988555908
1.2877498084848578,1.6729504611757067,2.0071121204983102,0.8385000228881836
1.0311174028449588,1.6353376996822846,1.643717457086612,0.8389000296592712
1.1522783474488691,1.502633341721126,1.6957367559274037,0.8367000222206116
0.7379019092290829,1.4571352107184274,1.4791648479608388,0.8366000056266785
1.236930099400607,1.372412493493822,1.588054936582392,0.8342999815940857
1.330946100609643,1.5751561908160938,1.8090050211724114,0.8353000283241272
1.224973522954517,1.310025155544281,1.6773149106237624,0.8355000019073486
1.2862146030772816,1.3488163096564156,1.4485493588757206,0.8361999988555908
1.3942487553546303,1.6539658873509138,1.8333280191971706,0.8382999897003174
1.055568490834797,0.9422589381535847,1.3511375728775472,0.8389000296592712
1.0958869031497411,1.5450637976328532,1.632508584856987,0.8414999842643738
1.4277804556347076,1.9586658421016874,2.019855048542931,0.8427000045776367
1.4057459831237793,1.3550257047017416,1.6432800819476445,0.8435999751091003
0.8498714873285005,1.5010336935520172,1.6762098316793088,0.8442999720573425
1.0468448922747657,1.389203381538391,1.849665969068354,0.843500018119812
1.0804886348319775,1.1023446162541708,1.5930275751484766,0.8428000211715698
1.1121117750803629,1.3649638631127097,1.5214298790151424,0.8436999917030334
1.113096956695829,1.6806028260125054,1.6348039761185647,0.8439000248908997
0.7556694872451551,1.3662107321951125,1.526727850790377,0.8453999757766724
1.5744186670352252,0.49487165042332243,1.4325546314428141,0.8468000292778015
0.9741760691006979,1.3324942130308886,1.5431201959413194,0.8465999960899353
1.2086195880716497,1.6839243589025554,1.716560810804367,0.8465999960899353
1.1196622619262109,1.629994633793831,1.7840963137837558,0.8456000089645386
1.1411462064945337,1.3720966941780515,1.5907027070169095,0.8453999757766724
1.4723614087471595,1.5268633275321035,1.732782488777524,0.8435999751091003
1.3732340162450618,1.415978971755866,1.5575972759362422,0.8442999720573425
0.9457721922132704,1.584660446721744,1.6375493970182207,0.8446000218391418
1.4313544157223823,1.29797122333989,1.6513986167235253,0.8446000218391418
1.5919757684071858,1.3756615879771474,1.67453364085178,0.843999981880188
0.9909481041961246,1.2942322889963787,1.6598699114940785,0.8432999849319458
1.434232921390743,1.5634602691446031,1.9140653099332536,0.842199981212616
1.050032219019803,1.1783240636189778,1.4946104793837576,0.8443999886512756
1.4150819596790132,1.430607443054517,1.7075268362959226,0.8446999788284302
1.0377336104710897,1.910909620920817,2.045607476764255,0.8467000126838684
0.9006190001964569,1.260117416911655,1.22187892049551,0.8478000164031982
1.2979174086025782,0.896081911795067,1.296691332012415,0.8496000170707703
1.164578419465285,0.9782120011069558,1.444655831758078,0.8496000170707703
1.039230465888977,1.4143688289168614,1.5436803135606978,0.8503999710083008
1.143146484187155,1.37699491110715,1.475620737581542,0.8511999845504761
1.444754041158236,1.2759912695203508,1.4218316187663955,0.8495000004768372
1.0354580156730884,1.2425894657770793,1.540865942214926,0.8476999998092651
1.2660862117102651,1.981245761825925,1.9573275063719069,0.8450999855995178
1.540905607374091,1.2667140657251532,1.6472617279399524,0.8425999879837036
1.74781989328789,1.0130768219629924,1.9411214573515787,0.8393999934196472
1.5559929862166897,0.7989295439286666,1.6207898448814044,0.836899995803833
1.1524395444890956,1.064417012532552,1.2378648230007716,0.8361999988555908
1.677564114332199,1.2740812041542746,1.719409294802733,0.8349000215530396
1.6514207548565334,1.6085241011210851,1.869075371325016,0.8335999846458435
1.5230728676030925,1.605705322159661,1.9281052708625794,0.835099995136261
1.366305689016978,1.093412975470225,1.6560696040590603,0.8379999995231628
1.2629306316375732,1.5069642157265635,1.5594811015056842,0.8427000045776367
1.4302482258189808,1.2456469102339311,1.6625138367667343,0.8493000268936157
1.5323348512252173,0.9661496964367953,1.6493238772858272,0.8543999791145325
1.353668173154195,0.9715933865971036,1.6297549686314148,0.8560000061988831
1.4128479957580566,1.1059934399344704,1.6520112969658591,0.8561999797821045
1.128857760202317,1.2257850269476573,1.3558136205824594,0.8567000031471252
1.3319626309654928,0.9150587031335542,1.4688606442827168,0.8562999963760376
1.0879039403164026,0.8828427076339722,1.4120834171772003,0.8580999970436096
1.5046785072846847,1.2419479846954347,1.693375844600772,0.8575000166893005
1.0498040490680272,1.3403331892830985,1.5269488658223833,0.8589000105857849
1.0346629449299403,0.888485210282462,1.463916877284646,0.8585000038146973
1.2431655954091976,1.4504420121510824,1.4102152448434095,0.8589000105857849
1.1033959020267834,1.170674216747284,1.4302176692269064,0.8589000105857849
0.7538176840001887,1.3097190163352272,1.3516736631551065,0.8590999841690063
0.5755443281597561,1.663953592560508,1.724909846349196,0.8604999780654907
0.7102149417906096,1.3380297933306013,1.487603809684515,0.8596000075340271
0.898047441091293,1.4711436927318573,1.5303136912676005,0.858299970626831
0.8203677545894276,1.1392878373463948,1.3283016009764237,0.857699990272522
1.4036885685390896,1.6145106090439691,1.8510385036468506,0.8553000092506409
1.6661318805482652,1.2118586605245416,1.8669471584185204,0.8526999950408936
1.4546399666712835,1.5520748641755846,1.8160727629294762,0.8510000109672546
1.383000705923353,1.0001685553854638,1.5027131353105818,0.8501999974250793
1.4796873179349033,0.7638819820278293,1.5180944800376892,0.8511000275611877
1.7181360466139657,1.1218927928379603,1.8937536839927946,0.8511999845504761
1.6132192290746248,1.4780564989362444,1.8711389132908411,0.8543000221252441
1.8293456179755074,1.5241400140982408,1.747307879420427,0.8557000160217285
1.4628331065177917,1.5268596331278483,1.8194643748112214,0.8571000099182129
1.846252224275044,1.3524351676305135,1.9660628601908683,0.8571000099182129
1.5021091136667464,1.572735838401012,1.7451728307283843,0.8565999865531921
1.7292907599246863,1.2268035916181712,1.7777223350145879,0.8567000031471252
1.4843232675032183,1.0259269952774048,1.955011759743546,0.8565999865531921
1.3478976832495795,1.2574025226963892,1.5351911240153842,0.8574000000953674
1.3356742291223436,1.4376436604393854,1.4126097796455261,0.8593000173568726
1.1187474141518274,1.0221142636405096,1.3055770143866539,0.8603000044822693
1.3280560898058342,1.0228769150045183,1.516553705489194,0.86080002784729
1.4474938983008976,1.1765028919492448,1.8384984314441681,0.8621000051498413
1.169165083340236,1.3282716115315756,1.5084772081602187,0.8646000027656555
1.4531624025768703,1.1299251284864213,1.6767007191975911,0.8646000027656555
1.3088798902846954,1.0821211964656146,1.5292241796032413,0.862500011920929
1.4367707599293102,1.1404979427655537,1.3812642687498922,0.8590999841690063
1.5382975180943808,1.167441836270419,1.8175102652925434,0.8568999767303467
1.5235804532255446,1.1763329047423143,1.6257487329152913,0.8544999957084656
1.777805346912808,1.6662846131758255,1.9187781247225675,0.8532000184059143
1.4802319743416525,1.309501102476409,1.829018552194942,0.8517000079154968
1.6105704762718893,1.066144509748979,1.758416215578715,0.8514000177383423
1.600946436987983,1.4372586499560962,1.7767524749040604,0.8519999980926514
1.6333690904435658,1.385284015867445,1.6121480631828309,0.8532000184059143
1.3335174459677477,1.0846435590223833,1.2620005282488735,0.8568000197410583
1.0666342576344807,1.405563697710142,1.4347653380462102,0.8604999780654907
1.0718969612410574,1.471566183226449,1.633386445896966,0.8615999817848206
1.4701609698208895,1.3048536394323622,1.6959746005860241,0.8626000285148621
0.9910939037799835,1.6976492170131567,1.6513478878666372,0.8628000020980835
1.1889928366456712,1.0091723362604776,1.494095104932785,0.8622000217437744
1.2200818614048117,1.1287941762379237,1.3883780153358685,0.862500011920929
1.3818402203646574,0.9349719603856405,1.5324567014520818,0.8626000285148621
1.5510182248221502,1.230510372381944,1.682049440420591,0.8632000088691711
1.3067035569085015,0.9561563990054986,1.4091413910572346,0.8632000088691711
1.4466885222329033,1.170674216747284,1.9783030796051024,0.8637999892234802
1.5629270792007446,1.4385773181915282,1.7959616303443908,0.8640000224113464
1.2703552352057563,1.1690112829208374,1.5571127223968506,0.8640000224113464
1.235510645972358,1.2297975165503365,1.4741677697499593,0.8644000291824341
1.5604607820510865,1.4747214343812731,1.7931371847788493,0.8644000291824341
1.1611317894675515,1.012724762871152,1.3882862314001305,0.8636999726295471
1.2606877919399377,1.0080637137095134,1.4882035106420517,0.8640000224113464
1.185480684041977,0.7441173606448703,1.2337257067362468,0.8629999756813049
1.1910618586973711,1.4918540451261733,1.3489655774049085,0.8611000180244446
1.4563045819600424,1.2163033826010567,1.3982659816741942,0.8569999933242798
1.330909100032988,1.3182793776194255,1.631049321492513,0.8560000061988831
1.3448616053376878,1.4589683668954032,1.5952547384159905,0.8568999767303467
1.3598529078743675,1.0672288216077364,1.468468404316402,0.8585000038146973
1.4087212207989814,0.757761857339314,1.524708865926816,0.8592000007629395
1.6564412202153886,1.3513561983903248,1.5625929170184665,0.8586999773979187
1.5344995312638334,1.266900873846478,1.5670998351914542,0.8596000075340271
1.658823761675093,1.446927177183556,1.610319017260163,0.8622999787330627
1.8691452915018254,1.441545663939582,1.8127839250998063,0.8636000156402588
2.0234549939632416,1.1002676851219602,1.9008862619046811,0.8623999953269958
1.7496911720796064,1.1010523557662963,1.8508952061335247,0.8614000082015991
1.7004025803671943,1.5697434291695103,1.8665343165397643,0.8611000180244446
1.7068354017806775,1.378212063962763,1.8006994444312472,0.8598999977111816
1.6469261275397407,1.7128842194875082,1.9791745853424072,0.8596000075340271
1.36419070378328,1.5981415510177612,1.8303295832413893,0.8601999878883362
1.611172166135576,1.4006421111878895,2.069664782947964,0.8610000014305115
1.895652378929986,1.0372734361224705,1.8523763346672057,0.8622999787330627
1.8044592163779518,1.6051816940307617,2.109188378940929,0.8640999794006348
1.8835040200840343,0.6709507535665463,1.9294683599805498,0.8647000193595886
1.3357487338961977,1.5366602573129866,1.5777161750528548,0.8629999756813049
1.1627348491123743,1.5667073249816894,1.6948621213436126,0.8608999848365784
1.3058971325556437,1.1832452127427766,1.6290051523182127,0.859499990940094
1.4910469426049127,1.973723409392617,1.9263624548912048,0.8574000000953674
1.4075754194548635,1.4650240242481232,1.6101997842391331,0.8567000031471252
1.2380605141321819,1.181552830669615,1.452813430437966,0.8597999811172485
1.1456590860317915,1.1454906506197793,1.5973145468876913,0.8632000088691711
1.08718544377221,1.24061372253921,1.4240604502814156,0.866599977016449
1.5566096007823944,1.564051159790584,1.9387725856569078,0.8683000206947327
1.227306118782829,1.396179747581482,1.6418585300445556,0.8686000108718872
0.7966417233149211,1.3063917831941085,1.2220891757444903,0.8727999925613403
1.3939291043715043,1.4887789397528677,1.5613655709859096,0.8725000023841858
0.8769127051035563,1.1221798333254727,1.562761398201639,0.8700000047683716
1.3590386910872025,1.393526299794515,1.7161071914615054,0.8650000095367432
1.4482735342449613,1.6867134438620672,1.9979138678974575,0.8618000149726868
1.5488885977329352,1.1570754173474433,1.7957735985693848,0.8593000173568726
1.2370677789052327,0.943005641301473,1.3081158210360815,0.8574000000953674
1.3542827171283764,0.9274055502631448,1.635911213113116,0.8561999797821045
1.3382819162474737,1.598870724439621,1.5748256238890284,0.8561000227928162
1.5440640864950237,1.7619943874222892,1.929628846546014,0.8569999933242798
1.5043352842330933,1.3066491497887505,1.6497342459857465,0.8575000166893005
1.3333333333333333,1.0730733293475527,1.8946942819489374,0.8598999977111816
1.2841307415681726,1.3607306724939592,1.5411724844669326,0.8604000210762024
1.234492742654049,1.5386783679326375,1.7726359284586377,0.8622000217437744
1.158773464626736,1.2972411545840177,1.7786828366192904,0.8669000267982483
1.171513902289527,1.4536725282669067,1.6334097608923912,0.8680999875068665
1.4068683783213298,1.6199545860290527,1.7027171512444814,0.8694000244140625
1.0863958924681276,1.5869841284222073,1.6414157722677503,0.8700000047683716
1.2518285569690524,1.0286801701936967,1.3929328538559296,0.8680999875068665
0.9898447903719816,0.8918058020727975,1.0686962573559253,0.8672000169754028
1.3049228489398956,1.3062061150868733,1.4511433218916256,0.8673999905586243
1.2692260709073808,1.5041398657692804,1.7655574904547797,0.8686000108718872
1.229431406656901,0.93602742209579,1.428368311127027,0.871399998664856
1.5980943441390991,1.1295500473542648,1.8010491940600812,0.8719000220298767
1.738860215081109,0.9778652020863124,1.6771577085767473,0.8740000128746033
1.4847824053330856,1.3164707157346938,1.5431335460055957,0.8741000294685364
1.4420488092634414,0.7061155750637963,1.4138720767838615,0.8744999766349792
1.5176477179382786,1.2722804353350685,1.4476789977815416,0.875
1.3715357269559587,1.1568759496395404,1.4973561247954001,0.8762000203132629
1.357102009985182,1.3640948666466608,1.6072228789329528,0.8763999938964844
1.5212001734309726,0.9592603286107381,1.5940663902847856,0.8755000233650208
1.4965419942682439,1.4297509088621034,1.6414772852674706,0.8736000061035156
1.4132258718663997,0.9024633599652184,1.45572051857457,0.8727999925613403
1.2932153642177582,1.711310883363088,1.778971842593617,0.8726000189781189
1.3136538610313877,1.6719579332404666,1.8542828813747123,0.8726999759674072
1.3257223750863756,1.314410489994091,1.558354098881994,0.8726000189781189
0.9532733812476649,2.0363642374674478,2.0668196611934238,0.8716999888420105
1.5246322665895735,1.8402253215963191,2.0329459100574643,0.8711000084877014
1.421392069922553,1.6261465804917472,1.9453856597344081,0.8712999820709229
1.091160387564928,1.5773502588272095,1.5364146691102247,0.8702999949455261
1.0676295558611553,1.5233871111503015,1.6387539378598206,0.8687999844551086
1.3349557558695475,1.654729922612508,1.747456807749612,0.8687000274658203
1.0216637253761292,1.4982715194875544,1.5022694622025345,0.8677999973297119
1.5190235603423345,1.5777696493344429,1.6547082046886066,0.8677999973297119
1.5070281585057577,1.7264783552714758,1.6942009165883065,0.8682000041007996
1.4356853647546455,1.596552341634577,1.7451579439175593,0.8705000281333923
1.1892625261575749,1.5870766693895513,1.535102312381451,0.8741000294685364
1.189749253647668,1.3464101552963257,1.4614200800657273,0.8736000061035156
1.5252359402485383,1.3145295931742742,1.8011918808581562,0.875
1.3854330366308039,1.3306491951366046,1.4703348039032578,0.8773999810218811
1.5646614730358124,1.355309056384223,1.5634850528505113,0.8769999742507935
1.4213943741538309,1.5404555983013577,1.6433193315159191,0.8756999969482422
1.3529946406682332,1.4681914763017134,1.8106163243452709,0.8755000233650208
1.3144851582390922,1.0839014020231035,1.2609158129919142,0.8745999932289124
1.3350572543484824,1.253339625067181,1.359833437535498,0.8715000152587891
1.2145968357721963,1.5701046206734397,1.5596167147159576,0.8698999881744385
1.395233087050609,1.2490528974777613,1.5991696627182368,0.8682000041007996
1.4941254125701056,1.3710062759263175,1.5648484528064728,0.8661999702453613
1.7313695425515647,2.103942814800474,2.206588902170696,0.8651000261306763
1.5256576776504516,1.2543243646621705,1.6458871246369418,0.8650000095367432
1.5905378930496448,1.4553286698129442,1.7892590441085674,0.8669000267982483
1.7999582025739882,1.7246237014021193,2.120183478295803,0.8680999875068665
1.256116464282527,1.0012038100849499,1.4692854646480444,0.8694999814033508
1.774780028516596,1.5303827226161957,2.2727440354799984,0.8715000152587891
1.423464500542843,1.2789555336489822,1.5674873391787212,0.8705000281333923
1.876373646476052,0.7180824067857531,1.9034275976094333,0.871399998664856
1.4776433771306818,1.5764096789889865,2.1191825953396886,0.8682000041007996
1.4764331102371215,1.4151105589336819,1.9993783390522004,0.8665000200271606
1.7436783602743438,1.7876368443171182,2.447569098737505,0.8644999861717224
1.518097372488542,1.6350497590170967,2.046941037611528,0.8629000186920166
1.064455660906705,1.667532153563066,1.7700529369440945,0.8639000058174133
0.8811485899819268,1.2074307918548584,1.5457197864850363,0.8639000058174133
1.3642643973940896,1.22218171093199,1.3741613986000183,0.8647000193595886
1.7748347289032407,1.2734095959952383,1.8322694367832608,0.8662999868392944
1.6795727903192694,1.5264317393302917,2.2554496987299486,0.8701000213623047
1.036556895935174,1.5616330341859297,1.6295431111798142,0.8715000152587891
1.3396531256762418,1.0486805902587042,1.440474510192871,0.8751999735832214
1.1076823261049058,0.7734590768814087,1.6899605870246888,0.8762999773025513
0.46768353515201144,0.8487116310331556,1.0106548035144807,0.8755000233650208
