within 1,within 0,between,Accuracy
2.9174928154264177,2.253175001878005,3.324893567588303,0.1136000007390976
3.259178177876906,3.3821467331477573,4.629973361889522,0.23739999532699585
1.543017680828388,1.8024284151884227,2.219705081550327,0.10339999943971634
2.312363999012189,2.6799781203269957,3.5715361521794247,0.2240000069141388
4.302384118457417,5.218283809315075,6.685380601263666,0.26969999074935913
3.9305488543632703,4.952539162976401,5.765210234201872,0.31859999895095825
3.0341559626839376,3.512437098676508,5.39662098293462,0.46779999136924744
2.880601227283478,2.663801426357693,5.482610374689102,0.5605000257492065
2.929466094289507,3.35025315625327,5.979598812758923,0.5909000039100647
2.922210168838501,3.8927177588144937,5.890992436408997,0.6229000091552734
3.1876093953847886,3.6575273167003286,6.569715892275174,0.6287000179290771
2.9393677061254326,3.442913591861725,6.136680836027319,0.7111999988555908
2.656119387800043,3.0,6.157145868648183,0.6764000058174133
2.7813401335761663,2.812047308836228,5.867915829459389,0.6474000215530396
2.8436216354370116,3.41069318992751,6.0486058376052165,0.6963000297546387
3.4430377015045712,3.748706512980991,5.881709033250809,0.6744999885559082
3.2681853902208937,3.5041541986995273,6.153760493747772,0.6815999746322632
2.8004447732652937,2.9601181760812416,6.2120059453524075,0.6854000091552734
3.0385833793216284,2.4862461345536366,6.255434602499008,0.7124000191688538
2.8514751536505565,3.1881634430451826,6.297508499839089,0.760200023651123
3.42497243086497,3.2589447029999326,5.931889587640763,0.8065999746322632
3.096969467117673,3.2949662420484755,5.998610124588013,0.7782999873161316
2.4092971444129945,2.6010956650688533,5.605306516374861,0.7864000201225281
3.211629002434867,3.400317238436805,6.089480311782272,0.809499979019165
3.9561394868475017,2.526535772615009,5.932494931750828,0.8011000156402588
2.9621722532643213,2.8473850737561235,6.202343304951985,0.7684000134468079
2.998995531689037,2.4704270362854004,6.318650909832546,0.754800021648407
2.3960860718737593,2.8742583526505365,6.221680913652692,0.7659000158309937
3.1249575457730137,2.796960431879217,6.076435541177725,0.7893000245094299
2.786504728671832,2.815034368303087,6.1281962431394135,0.8140000104904175
3.8369364624931697,3.2495559652646384,5.878249259222121,0.8348000049591064
2.822223020322395,3.284127214219835,5.980383451779684,0.8571000099182129
2.396595517794291,3.52130036883884,5.674115468585302,0.8637999892234802
3.060893702507019,3.6208203302489386,5.82456371037647,0.8651000261306763
3.079633935292562,3.3601205322477554,5.895464941660563,0.8490999937057495
3.4095598474527016,2.588810022672017,6.095180005293626,0.8278999924659729
3.0899115721384685,3.140139102935791,5.875601145956251,0.8496999740600586
2.905840084769509,3.1870446138911777,5.5807306935088805,0.8669000267982483
3.2332973389914543,2.9701744662390817,5.696194032828013,0.8607000112533569
2.699050352790139,3.154960624376933,5.709654735796379,0.8319000005722046
3.506812679045128,2.860815862814585,5.5573929283354015,0.8485000133514404
2.83819280564785,3.6963938559804643,5.77058682590723,0.8675000071525574
2.797205980334963,3.0338951578507056,5.93595271385633,0.8634999990463257
2.2773236206599643,3.4678956291892313,5.92968091097745,0.8572999835014343
2.5709687761771374,3.1697902594293867,6.137345364460578,0.8628000020980835
3.0622303653986025,2.8654941103675147,6.015373570102078,0.8598999977111816
3.1574178106255,2.7515672835436735,5.9458558246342825,0.8619999885559082
3.1032980554031604,2.967911772294478,6.0069305643890845,0.8853999972343445
3.1494832071993084,2.2231821630682265,6.002189861403571,0.8644000291824341
3.3055103734919897,2.7805136733584934,5.865156955718994,0.8499000072479248
3.110177324034951,3.2871166955340994,6.045283877488338,0.8672000169754028
3.6247719352895564,3.0593444108963013,5.938835804279034,0.8733999729156494
2.9728898091749714,3.186543202662206,5.9057894093649725,0.8862000107765198
3.397825070789882,2.9494913892868238,5.924386923129742,0.8901000022888184
3.023237609863281,3.004033912552728,5.883301420211792,0.8924000263214111
3.3414157910780475,2.5988249487347073,6.011664325540716,0.8891000151634216
3.5840652639215644,2.8171717713276547,5.927168262501557,0.8870999813079834
2.937208325212652,3.051519346237183,5.788889198592215,0.8787000179290771
3.7542468146844343,3.2513748089472454,5.795673457781474,0.8640000224113464
3.4740302259271796,3.4328477581342063,5.562771739381732,0.853600025177002
3.470512732592496,3.0840948985682592,5.745692113433221,0.859000027179718
3.4988147784502077,2.7892374878837947,5.945225134000673,0.8650000095367432
3.4432062300768767,2.776142574491955,5.79186843277572,0.8826000094413757
3.232710852767482,2.688018175271841,5.836329126969362,0.8876000046730042
3.1458492322401566,3.714750320261175,6.047101883848836,0.8906000256538391
2.9924473383209924,3.0591450134913125,6.127328346172969,0.8988000154495239
2.590726147998463,2.730910246188824,6.386076301723332,0.90829998254776
3.0153315536903613,2.786466470270446,6.085259947511885,0.9103000164031982
3.5299363566769495,3.376001089811325,5.70811786254247,0.9057000279426575
3.1382545991377397,2.779454463130825,5.886626831896893,0.9071000218391418
3.4313034140146694,3.0343280001120134,5.843896535726694,0.9072999954223633
3.5042209841988305,3.0801533036761812,5.681966821352641,0.9031000137329102
3.053393312862941,3.4534879949357773,5.4893688559532166,0.9002000093460083
3.2296215759383307,3.185256838798523,6.010306424564785,0.8960999846458435
3.5002582828203836,3.02400930457645,5.861322373151779,0.8907999992370605
3.4516438108224134,3.1966605451371937,5.686486529488849,0.9003999829292297
3.7769986856551396,3.2223694026470184,5.849528586864471,0.9063000082969666
3.576233883337541,3.3917016983032227,5.764430126586518,0.9061999917030334
3.858726871581305,3.257195634719653,5.546164835416354,0.8999999761581421
2.8048558394114176,2.9425315948633046,5.946630034079918,0.8934000134468079
3.3210455591028385,3.097000080805558,5.6854401001563435,0.8949000239372253
3.3341768957319715,3.465773418927804,5.7613166148845965,0.902999997138977
3.52239085899459,2.9835431339976553,5.741131324616689,0.9028000235557556
3.618541762684331,2.995903481136669,5.718478755818473,0.8910999894142151
3.725970576971005,3.675843139489492,5.670935658308176,0.875
2.8301570131665184,2.713745599701291,5.888571598416283,0.8902000188827515
3.6506491538250083,2.9058438777923583,6.031913288434347,0.8906000256538391
3.836196678025382,3.0628767354147777,5.927269799368722,0.8812999725341797
3.4549690816137524,3.25511991110715,5.743705701346349,0.8463000059127808
3.4669363162456412,2.7667374345991345,5.824127518213713,0.8891000151634216
3.399733747376336,2.4434163046407176,5.531294219834464,0.8863000273704529
2.933748297619097,2.809477914704217,6.054429940382639,0.8815000057220459
3.4785347978274026,2.651129570272234,5.936984225555703,0.8755000233650208
3.798554452260335,3.3136968493461607,5.505425596237183,0.8618000149726868
3.601451924112108,3.01971324362786,5.718332433700562,0.859000027179718
3.7658789613030175,2.837840789840335,5.693296779285777,0.8575999736785889
3.6661574587677466,2.6044974671469796,5.924955566724141,0.8496999740600586
3.57035981019338,2.75739845904437,5.910157322883606,0.7965999841690063
4.042263262801701,2.7081143336418347,5.8773549275520525,0.8547000288963318
3.271892027421431,3.224126938617591,5.823529998461406,0.8694999814033508
3.9813236149874602,2.93477357228597,5.763606483286077,0.8492000102996826
3.1016009862606344,3.315921339121732,5.64019321394967,0.8335000276565552
3.2887763995112795,3.23845039889926,5.382795527246263,0.8406000137329102
2.994614368135279,2.8065766330921287,6.0858668552504644,0.8503000140190125
3.0362831751505532,2.5201781008924757,5.907226701577504,0.8463000059127808
2.993577669828366,2.5997795595063105,5.850156910399086,0.8471999764442444
3.1205500272604136,2.6738459904988607,6.114457204228356,0.8575000166893005
2.970145606994629,3.307840313230242,5.979552817344666,0.8641999959945679
3.3427373935014772,2.5446184741126165,5.96755735283224,0.8798999786376953
2.9007699966430662,3.0532682604259915,5.63080243534512,0.8921999931335449
3.1209854808720676,2.6095665405193964,5.808812906344731,0.9018999934196472
2.773588091135025,2.970316937991551,5.695712710183765,0.9020000100135803
3.310650530204274,2.9006103106907437,5.506584382719463,0.8934999704360962
3.4636480731841846,2.6807311383160677,5.237663330731692,0.8851000070571899
3.3146175377898746,2.821454550538744,5.679902798599667,0.883899986743927
3.5526914090821236,2.4603662129604453,5.440565728478962,0.8870999813079834
3.368611821761498,2.9803655328172627,5.421361017794836,0.8920000195503235
3.340648170028414,2.3589410872170418,5.5648528436819715,0.8985000252723694
2.6601508387497494,2.3967854340871173,5.517062866687775,0.8992999792098999
3.397078378332986,2.567367196083069,5.39051866972888,0.8938999772071838
3.46856019894282,2.427579816182454,5.227908174196879,0.8790000081062317
3.371929490205013,2.6699751222526635,5.418670425812404,0.8835999965667725
3.0213468896018134,2.986427673271724,5.30892380475998,0.8812000155448914
3.574702000617981,2.9050189516761087,5.256916252049533,0.89410001039505
3.0950297196706136,2.9741026798884076,5.761450012524922,0.8949000239372253
3.316528312365214,2.467221654378451,5.78684588945829,0.8985000252723694
3.1099520856683904,2.2613042723048817,5.736612000741249,0.886900007724762
2.408915897210439,2.3829563422636553,5.80943739745352,0.8675000071525574
2.6812839486382223,2.3516621816725958,5.621844068750159,0.850600004196167
3.0202744801839194,2.690974307060242,5.262204986148411,0.8499000072479248
4.039889517284575,2.82382294904618,4.828800333113898,0.8655999898910522
3.645162148353381,2.6570080320040383,5.092251781724457,0.8853999972343445
3.8081575126358955,2.1876343454633442,5.16732094420327,0.9003000259399414
3.7678454875946046,3.1174210054533824,4.995616137981415,0.8999999761581421
3.392951284136091,1.883386050330268,5.608171480894089,0.9021000266075134
3.1648445633741527,2.2651938838618144,5.590637092406933,0.9052000045776367
3.1640063388007027,2.2029431064923606,5.255831567446391,0.9021999835968018
2.902399568124251,2.693581101221916,5.5264089424293354,0.8989999890327454
3.416029874767576,2.508167606308347,5.602017871538798,0.9010999798774719
3.6473885601217098,2.5567362705866494,5.0885363973752415,0.9006999731063843
3.4393506772590405,2.3319896161556244,5.827763058521129,0.9049999713897705
3.3244638674789004,2.2896316503033494,5.631632381015354,0.9035000205039978
3.1748857606541026,2.86654161129679,5.725407806309787,0.9052000045776367
3.416272073001652,2.873010959890154,5.30797863385034,0.9093000292778015
2.9941758149200015,2.7136160797542996,5.995938560697767,0.9002000093460083
2.8184195449858,2.901704536543952,5.487204233805339,0.8946999907493591
3.255141771501965,2.90675193355197,5.8304141362508135,0.8888000249862671
3.2106161620881823,2.461661462350325,5.956207630851052,0.8898000121116638
3.2767451883672356,2.6512483528682163,5.985796753241091,0.8970000147819519
3.0160947380697025,2.4809114166668484,6.094054428970113,0.906000018119812
3.4593364061453404,2.890678529228483,5.789389403966757,0.9085999727249146
3.563065494190563,3.163756869651459,5.21908700466156,0.9039000272750854
3.1945730722867527,2.8126056648436046,5.348594765086751,0.9053000211715698
3.6974171155538316,2.86026993393898,5.397084521432208,0.9124000072479248
2.8922046191162534,3.0836391363825117,5.1001867983076306,0.9136999845504761
3.4445167220000066,2.7289891725077347,5.260325420136545,0.909500002861023
3.2225043720669215,3.020581861337026,5.177230576674144,0.90420001745224
3.643131377480247,3.205004722644121,5.345553733252145,0.906000018119812
3.717580916303577,2.2257728152804903,5.15745779077212,0.9129999876022339
2.987246064039377,2.57823785868558,5.043883650075822,0.9028000235557556
3.2367334524790445,2.790275311470032,4.951924709479014,0.8809000253677368
3.3204123973846436,2.832236541642083,4.954207503795624,0.862500011920929
3.3263773813582302,3.0193706027099063,4.820415081162202,0.8720999956130981
3.253076824687776,2.4260999812020194,4.982115476926168,0.8873000144958496
3.4819560249646506,2.5482219584060437,5.191640518329762,0.896399974822998
3.491594526502821,2.3877986163804024,5.093867182731628,0.892300009727478
2.9476446912402197,2.247448584863118,5.289709142843882,0.8909000158309937
3.564141542261297,2.931874489784241,4.897163593407833,0.8952999711036682
3.242663244406382,3.2271334886550904,4.783888779746162,0.8996000289916992
3.190406581058222,3.0727308094501495,5.126149090286953,0.9057000279426575
3.661028638864175,2.749248183435864,5.049746476686918,0.9082000255584717
3.694869719611274,2.7902194460233054,4.727888017230564,0.9111999869346619
3.4437763672886472,2.6450304048401967,4.564416306714217,0.9164000153541565
3.1422975347155617,2.7104517985612917,4.82891800901392,0.917900025844574
3.173135267363654,2.3082675589455497,5.0346275872654385,0.9178000092506409
3.9416437347730002,2.4065945307413736,4.870741444163852,0.9156000018119812
3.5814702471533972,2.8230645656585693,5.05241305913244,0.9082000255584717
3.064750165409512,2.2731824742423163,4.876043066978455,0.89410001039505
2.8744720528523127,2.262672173976898,5.205189865827561,0.8842999935150146
3.2812743602376995,1.8105841047234006,5.1590241546984075,0.8920999765396118
3.1781535278667103,2.441934253488268,5.285734691403129,0.8989999890327454
3.3475058360533283,1.7675365606943767,5.148132223071474,0.9017000198364258
3.579877272630349,2.099086631428112,5.0510674103712425,0.8970000147819519
2.8790119832212273,2.4974640130996706,5.185695555475023,0.8946999907493591
3.2352245380481084,2.0629084375169544,5.166794492138757,0.8878999948501587
3.2712802588939667,2.375600043015602,5.146829058981349,0.8877999782562256
3.5739695575502184,1.7022946902683802,5.108036596434457,0.8989999890327454
3.5010010268953113,2.1493013537291326,5.283031276861826,0.9110000133514404
3.5201340624780366,2.163975128260526,5.022799544262163,0.9140999913215637
3.3722256765221106,2.13877762026257,4.805921205767879,0.9036999940872192
3.5583552290995915,2.4349391028121277,4.658792704343796,0.8959000110626221
3.8128442041801685,2.5213920138098977,4.672684958486846,0.8996000289916992
3.217234644624922,2.180049349864324,4.637541818030087,0.909600019454956
3.273612615134981,2.398980302470071,4.739873852994707,0.9180999994277954
2.974961858807188,1.933968596988254,5.031258900960286,0.92330002784729
2.660353700319926,2.050050504696675,5.068031740188599,0.9200000166893005
3.088765922483507,1.8297829801386052,4.948454878546975,0.9192000031471252
2.864341495253823,2.1224011103312175,4.9378815752087215,0.9133999943733215
3.0014579491181808,1.4013446045644355,5.080137447877363,0.9039999842643738
2.364044178856744,2.132661158388311,5.370216850439707,0.8920999765396118
2.7295038935902354,2.207222586586362,5.100056969389623,0.8959000110626221
2.4093266422098334,2.102673656410641,5.400295941516607,0.8953999876976013
2.945942160818312,2.706834546157292,5.0078822553157805,0.8919000029563904
3.2776897580195694,2.237280180719164,4.888341364493737,0.8884999752044678
2.782729803191291,2.378226195441352,4.975173711776733,0.8865000009536743
2.842611877123515,2.4338579376538596,5.151647099742183,0.881600022315979
3.0195429054173557,2.1250401322658243,4.862543906920996,0.8824999928474426
3.204865655728749,1.91669648034232,4.869443356990814,0.8971999883651733
3.1477204568204824,2.2972996494986795,4.934053211120897,0.901199996471405
3.3004145158661737,2.171140510385687,4.799305058488942,0.9009000062942505
3.0867132996464823,2.513884358935886,5.045072540404305,0.9093999862670898
2.4501840432484943,2.1307353258132933,5.1779327948888145,0.9136000275611877
3.0007619478485803,2.2217403693632645,5.2207972244782885,0.9158999919891357
2.5590456507422705,2.457320547103882,5.133912277944161,0.9085999727249146
2.5760056317507565,2.535462772846222,5.118809747695923,0.8968999981880188
2.7581318063395366,2.4233425049554733,4.831406935056051,0.8984000086784363
3.127221574385961,2.8281127777966586,4.874311567556979,0.9039000272750854
2.854386712168599,2.404159933870489,4.837623726237904,0.9060999751091003
2.8933891190422907,2.3409317255020143,4.584721485773723,0.9090999960899353
3.171876523608253,2.389121029490516,4.733718984391954,0.9156000018119812
3.4562853149005344,2.6258639863559177,4.958657652139664,0.9154999852180481
2.512798260558735,2.797725216547648,5.076794399155511,0.9215999841690063
2.4469883214859736,2.438164929548899,4.886019418527792,0.9244999885559082
2.515936501820882,2.240745989481608,4.834812669754029,0.9248999953269958
2.7900163472353756,2.568749391671383,4.566803702286312,0.9229000210762024
3.0824959145651922,2.452430526415507,4.46825471189287,0.9172000288963318
2.511932047930631,2.5039538267331247,4.443434018355149,0.9110000133514404
2.92797077231937,2.213086065379056,4.804512589628046,0.9068999886512756
3.059644108017286,2.545936597718133,4.766454103589058,0.8988000154495239
2.8558596736854978,2.584052417495034,4.923896914780742,0.883899986743927
2.978294934166802,2.587582731246948,4.83858080625534,0.871999979019165
2.6051772724498403,2.718098090754615,4.8236588564786045,0.8896999955177307
2.657111101098113,2.44181518469538,4.835259148052761,0.9023000001907349
2.7577805571503693,2.083327678116885,4.7001006262643,0.9035999774932861
2.5206492597406562,2.570902919769287,4.802130595120516,0.9003999829292297
2.5912392009388316,2.0120757659276327,4.5115686438300395,0.8988999724388123
2.9255979103701457,2.127575776406697,4.424524761736393,0.9052000045776367
2.562999584458091,2.489146957794825,4.567865940055462,0.914900004863739
2.736292139514462,2.1245959473378733,4.8314989776838395,0.9164000153541565
2.757126530011495,2.4091052625860487,5.01728015144666,0.9154000282287598
3.2440551604543413,2.1774788167741566,5.006552275684145,0.9106000065803528
2.4407964944839478,2.3611381962185813,5.167362700451862,0.9101999998092651
3.0800080234354192,2.514977447191874,4.804355390144117,0.9169999957084656
2.7797089998538675,2.504168889739297,4.8116885882157545,0.9190000295639038
2.914284775473855,2.451035486327277,4.5871690282917985,0.9024999737739563
2.2597564969744,2.908406949043274,4.783461284637451,0.895799994468689
3.0476250724914746,2.456987134702913,4.460082599094936,0.9146999716758728
2.8691434986663586,2.5419166655767533,4.343676467736562,0.9251000285148621
2.8843646202331934,2.401400022454314,4.8523889766944635,0.9304999709129333
2.83041961760748,2.423614523240498,5.011953300237655,0.9293000102043152
3.019832290135897,2.7657421827316284,4.704490243879139,0.9229999780654907
2.6566343360477025,2.628955508981432,4.758875721693039,0.9196000099182129
2.619639927690679,2.8277049291701544,4.703358972227418,0.9115999937057495
3.132401735493631,2.3219197735641943,4.711640410953098,0.9160000085830688
2.5468224555253984,2.426398524216243,4.873498361557722,0.9204999804496765
2.641029323471917,2.431166125195367,4.626231491565704,0.9230999946594238
2.3074437294687544,2.6053775548934937,4.894108285506566,0.9232000112533569
2.8308457624145418,2.5383585673390012,4.426812738703008,0.928600013256073
2.760407545453026,2.6363347314652943,4.632509667532784,0.9257000088691711
2.9112551194248777,2.480011669072238,4.524408458007707,0.923799991607666
2.6483218908309936,2.258782151672575,4.456108273400201,0.9239000082015991
2.7656377278841457,2.5676622920566134,4.3579290381863585,0.9187999963760376
2.734949241744147,2.5166287277684067,4.162663918733597,0.9146000146865845
2.921623405956087,2.934756558591669,4.203809335634306,0.9142000079154968
2.64883175889651,2.324214428663254,4.416644813492894,0.9193000197410583
2.6610846356912092,2.471871081988017,4.470582471953498,0.9240999817848206
2.590328191007887,2.31119327545166,4.663844877481461,0.9233999848365784
2.3078127675586275,2.3220997492472333,4.856561510562897,0.9200000166893005
2.218997296832857,1.9360180265373654,5.002637234945146,0.9236000180244446
2.633646539847056,2.139000117778778,4.7070047073066235,0.92330002784729
2.7936482717702678,2.518760724200143,4.461711141798231,0.9258999824523926
2.560092111428579,2.2798996482576643,4.757270177205403,0.9253000020980835
2.5278579011941567,2.1125044692646373,4.670611468228427,0.925599992275238
2.508262432946099,2.3289316152081345,4.794655499855677,0.9182999730110168
2.531285778681437,2.2024472650590834,4.8074512141091486,0.8984000086784363
2.846176619058127,2.167283915338062,4.899086762447746,0.8892999887466431
2.3538930889887686,1.7466822031772498,4.520316771971873,0.9182000160217285
2.871838248137272,2.514815866947174,4.582014548778534,0.9258999824523926
2.4301006252115425,2.6915096189036514,4.451076391670439,0.9157999753952026
2.5751375683716367,2.1940924312387193,4.545036934316158,0.90829998254776
2.407712838151953,2.3946325646506414,4.701242113870288,0.9150999784469604
2.4600594928770354,2.273271359096874,4.773481011390686,0.9186999797821045
2.5864912076429887,2.052768314968456,4.806946864798049,0.9129999876022339
2.367656794878153,2.76879640089141,4.7015999423133,0.9121000170707703
2.6071156348500932,2.534687352180481,4.92526669104894,0.919700026512146
2.1634118195736045,2.4975896051951816,4.766425758600235,0.9108999967575073
2.8972562139684506,2.4454572664366827,4.410485308579724,0.8988999724388123
2.7567791607644825,2.319692548778322,4.673519605471764,0.8925999999046326
3.041316094001134,2.4085418306864224,4.522371345987687,0.9039999842643738
2.8658107302405615,2.557581754164262,4.052493042197109,0.9139000177383423
3.316141406258384,2.6300702691078186,4.520018505198615,0.916100025177002
3.1280537843704224,2.262308390935262,4.5581525182724,0.9139000177383423
3.064368045897711,2.2012374189164903,4.51888812383016,0.9132999777793884
3.180149487086705,2.276647369066874,4.371622875332832,0.9186999797821045
3.0036496881282693,2.0966717480054866,4.464694882984515,0.9225000143051147
2.5098254726483273,2.2479373537577114,4.92596802344689,0.9226999878883362
2.996836618943648,2.361878969839641,4.80233496427536,0.9208999872207642
2.7897948225339255,2.8943638569778867,4.710472451315986,0.9140999913215637
2.4955441660351223,1.95900469356113,4.5604113472832575,0.9063000082969666
2.54001247882843,2.855077260070377,4.306426943294586,0.9014000296592712
2.7952213320467205,2.5224304459311746,4.0872339792925905,0.8967000246047974
2.755062813267988,2.935018089684573,4.215772536455416,0.8986999988555908
2.60350517650227,2.3804163959291245,4.385518208571843,0.9061999917030334
2.5962967720898713,1.573755439483758,4.745280735420458,0.9078999757766724
2.645946093039079,2.094945172468821,4.376565154754754,0.904699981212616
2.905867914720015,2.571234708740598,4.294323760193664,0.9014999866485596
2.566876606507735,2.1669229401482477,4.4449154940518465,0.8981999754905701
2.632452040910721,2.1421230137348175,4.473493963479996,0.8995000123977661
2.1983762343724567,2.298921647525969,4.71639666557312,0.8963000178337097
2.4741103035030942,2.1630225049124823,4.5512674709161125,0.8978999853134155
1.9711383214363685,2.4450966162340984,4.53689179282922,0.8974999785423279
2.782156163995916,2.2976806583858673,4.267497916655107,0.9104999899864197
2.7948578810080504,2.696946974311556,4.240081583078091,0.9164999723434448
2.601167857646942,2.7805839506062595,4.235883877827571,0.916700005531311
2.58937248099934,2.1397880739635893,4.7000155167146165,0.9205999970436096
2.545856989754571,2.12076866200992,4.523418927192688,0.9229000210762024
1.0103675382477897,2.265451732609007,4.825625903076595,0.9221000075340271
2.0990022604282084,2.4575698494911196,4.713966887337821,0.9186000227928162
1.3325757403950116,2.2852950181279863,4.939560051475253,0.9140999913215637
2.21082033429827,2.193849277496338,4.515103874206543,0.9104999899864197
2.5355599094659853,2.2165886887482236,4.350045250012324,0.9089999794960022
2.2222025758690305,2.5136509040991464,4.15793792112374,0.9083999991416931
2.0725604636328563,2.3042009505960674,4.335406720638275,0.9082000255584717
2.4857340317506056,1.940701683362325,4.408097578929021,0.909500002861023
2.7613895779564266,2.098421997494168,4.3077605106212475,0.9199000000953674
2.2237386884111348,2.402914699641141,4.7875378854347,0.9212999939918518
1.7746059497197468,2.3964496425219943,4.759032378594081,0.9075000286102295
2.142545557022095,2.011502573887507,4.786955486644398,0.8920999765396118
2.6791812866926192,2.2861100249820288,4.629931257665158,0.888700008392334
2.4698827664057412,1.6803532668522425,4.833587995597294,0.8978000283241272
2.7213739265095103,1.9656121598349676,4.3829468113404735,0.9050999879837036
2.275585494198642,1.9569783969358965,4.544884075721105,0.9115999937057495
2.987809499104818,2.089152912298838,4.364541220868754,0.9143000245094299
2.6101207251057907,2.3085953773874226,4.516494513726702,0.9157000184059143
2.62245679164634,2.2775341504149966,4.749380622813904,0.911899983882904
2.375057489221746,1.7501990795135498,4.805612570279605,0.9099000096321106
2.1898432197151605,1.993451489852025,4.83213075700697,0.9100000262260437
2.511862259440952,2.4588993867238362,4.769479111830393,0.9014000296592712
2.592148428493076,2.386310103866789,4.772891404893663,0.8910999894142151
2.941932960962638,2.4269400596618653,4.645792215854138,0.8769999742507935
3.151106814543406,2.5257356605109047,4.565592051631185,0.8938999772071838
2.864393871480768,2.052198867003123,4.82361871545965,0.9110999703407288
1.9906562848524614,2.5066736963060166,5.1398269870064475,0.921500027179718
1.8169199228286743,2.5990561593662607,5.028139101994502,0.9239000082015991
2.599895882606506,2.7463734779093,5.165600691901313,0.9229000210762024
2.9189969115787084,2.3047167534356587,4.925816833972931,0.9215999841690063
2.882913056648139,2.2277373458657945,4.66594523191452,0.9115999937057495
2.9637507643455114,2.8701930152045354,4.672140387388376,0.902899980545044
2.6574690285183133,2.36546049118042,4.8320048195975165,0.9017000198364258
2.7709236072771475,2.4201397725514004,4.7798144817352295,0.8980000019073486
2.6672649118635388,2.1899609955874357,4.7335755391554395,0.9092000126838684
3.022859160389219,2.0517928123474123,4.542615632216136,0.9153000116348267
3.0343300058291507,1.9183966687747411,4.624563288230163,0.9182000160217285
2.7413904885451,2.2459017833073935,4.594676353037357,0.9190000295639038
2.927681177854538,2.0459420268352213,4.668715173362667,0.9180999994277954
2.8111113545658823,1.934127676486969,4.56258966582162,0.9185000061988831
2.5248995787567563,2.3091078609228135,4.449901930159992,0.914900004863739
2.6823632847179066,2.165680990114317,4.663129379222919,0.9133999943733215
2.0625711874528365,1.9688559813158852,4.922272422096946,0.9108999967575073
2.607135462760925,2.277139452787546,4.712014422049889,0.910099983215332
2.9420857376522487,2.3710065952369144,4.7751335322856905,0.9180999994277954
2.2621522876951428,2.0909788144959345,4.744885296291775,0.9175000190734863
2.2764488393610174,2.35973141723209,4.8302580790086225,0.9157000184059143
2.4407138347625734,2.1824721654256183,4.674257154464722,0.9154000282287598
2.39569666891387,2.167803429894977,4.702998373243544,0.9156000018119812
2.781916369091381,2.1294574918168965,4.662735891011026,0.9180999994277954
2.8039818313386706,2.1895440348557065,4.650675213336944,0.9106000065803528
3.1489636600017548,2.269330078905279,4.68244241584431,0.9136000275611877
3.23159940706359,2.266321780464866,4.59692115735526,0.9175999760627747
2.4487025340398154,1.8308741932823545,4.846090738589947,0.9187999963760376
2.789393376220356,2.436548616204943,4.636436658600966,0.9190999865531921
2.937323810198368,2.296846968787057,4.598407863260626,0.9180999994277954
2.8701922460035845,2.0797163407007853,4.616083484707457,0.9236000180244446
2.9488633539941578,2.0808882474899293,4.414527066548666,0.9124000072479248
2.6335955815655843,2.39579956067933,4.544493529531691,0.89410001039505
1.7410417232248518,1.998864859342575,4.598184155093299,0.8885999917984009
1.9777399973435836,1.8537912130355836,4.793589531291615,0.9063000082969666
3.0034541918171778,2.122294911971459,4.528249822111211,0.9153000116348267
2.8585783477985496,1.9585383704730444,4.524832139412562,0.9165999889373779
2.808645555606255,2.1938497236796786,4.521683228321565,0.9122999906539917
2.528435119715604,1.8390337334738838,4.596634075858376,0.9061999917030334
2.6858275021825517,1.6415352549623041,4.528845860677607,0.9041000008583069
2.8022516104910107,1.5751783805234092,4.4906933340761395,0.9086999893188477
2.527085163376548,2.3054942233221873,4.471869623506224,0.9136000275611877
2.5298762472052325,1.6415555064494793,4.827278680067796,0.916100025177002
2.970054300392375,2.0513838476604884,4.360212009093341,0.9154000282287598
2.944595511470522,2.3723588042789037,4.383049620687961,0.9165999889373779
3.1567007927667525,1.9146120321182978,4.480285242625645,0.9143000245094299
2.889483925068017,1.8262978076934815,4.739022092024485,0.916700005531311
2.420468200336803,1.969832526312934,5.003005800423799,0.9182999730110168
2.5618667443593344,1.7456624898043547,4.908851831609552,0.9194999933242798
2.4182490543885664,1.9747030973434447,4.819243364863926,0.9140999913215637
2.56886485947503,2.1554115707224066,4.609340966831554,0.9097999930381775
2.722636950867517,2.3186495330598618,4.700190559029579,0.9147999882698059
2.641740813399806,2.679141643974516,4.527415924602085,0.9205999970436096
2.4587636253772636,2.4479286784217473,4.694909852939648,0.9199000000953674
2.233984043200811,2.4884579744967787,4.638406745971195,0.9157000184059143
2.7365667126395485,2.5176273060567453,4.585466955647324,0.9171000123023987
2.7930223437455983,2.0562141964832943,4.467413447224176,0.9239000082015991
2.27295116222266,2.24097697602378,4.600901928212908,0.9269000291824341
2.6631578573813806,2.3821999231974282,4.587199807167053,0.9226999878883362
2.2820639155127784,2.0673276005369243,4.748147682710127,0.9161999821662903
2.5802075703938803,2.636142296728745,4.650369212362501,0.9193999767303467
2.9415374856728773,2.42392009677309,4.631827797645178,0.9190000295639038
2.9564932130631947,2.596866115108951,4.340087625445152,0.9124000072479248
2.6491483946641288,2.408453329404195,4.443503768355758,0.9057999849319458
3.0432325509878306,2.352877276284354,4.486479712384088,0.9065999984741211
2.9238786870783025,2.738207960128784,4.634745731498256,0.9160000085830688
3.0242104621160597,2.3480149894952773,4.399857291579247,0.9186000227928162
2.7315571149190268,2.2246164401372273,4.632594264878167,0.9165999889373779
2.2815152534416745,2.456867207421197,4.396529859304428,0.9132000207901001
3.128442462001528,2.3563295259620203,4.448026686906815,0.9175000190734863
3.259752405868782,2.6373146620663728,4.403663144483195,0.9185000061988831
3.4755062262217202,2.6073837436102574,4.643953067285043,0.9182000160217285
3.096327481847821,2.4612497134642166,4.490859512126807,0.9154000282287598
3.272762052305452,2.537587983267648,4.414413349969046,0.9118000268936157
3.0793477820627615,2.1377667784690857,4.429196145385504,0.9111999869346619
3.2133833133813106,2.7669549328940257,4.595632956141517,0.9132999777793884
3.1458947114777147,2.263703209703619,4.4215474505173535,0.9189000129699707
2.984467085563775,2.3071863969167072,4.229614350530836,0.9218999743461609
2.6401439291058164,1.9540612134066495,4.314477123997428,0.9262999892234802
2.8636695329959574,2.405561070972019,4.164023733139038,0.9301000237464905
2.6696498493353524,2.2047113071788442,4.292093895902537,0.9293000102043152
2.757639349831475,1.935819332088743,4.28614527285099,0.9294000267982483
2.62492305629856,1.715633553928799,4.36568797826767,0.925000011920929
2.763752783789779,1.2600796421368916,4.528009906411171,0.9178000092506409
3.066952627355402,2.1649268359848945,4.457479657548847,0.9071999788284302
2.9667347236113115,1.9302672689611262,4.66532459042289,0.8981999754905701
2.6209216892719267,1.9535113421353427,4.667407157746228,0.8892999887466431
3.0009051859378815,2.3011827568213143,4.744297681031404,0.8827999830245972
2.3819859244606714,2.365823763067072,4.653476241863135,0.8996999859809875
2.8279459135872975,2.421876973576016,4.756729557400658,0.9136999845504761
2.965161197835749,2.39054213328795,4.453581979780486,0.9178000092506409
2.8528837308739172,2.35089795589447,4.487869175275167,0.9108999967575073
3.1278902292251587,2.213361783461137,4.602106389920573,0.9175999760627747
2.761627345614963,1.8957502387818836,4.325238268715995,0.9251999855041504
2.7167300241334096,1.7590742238930293,4.332894422113895,0.929099977016449
2.7666116738930726,2.0498865048090615,4.3256268837513066,0.9287999868392944
2.6787852547385476,2.315911602973938,4.042135849866,0.92330002784729
2.0528107426383277,1.9947535016319968,4.266301294988837,0.9243000149726868
2.617195796966553,2.043447422981262,4.390200812166388,0.9276000261306763
2.9987738439531038,2.316444320338113,4.5611390719811125,0.9276000261306763
2.843279916506547,2.057362892798015,4.593289320285503,0.9300000071525574
2.6182982141321354,2.016505318217807,4.360989093780518,0.9265000224113464
2.463648806677924,2.0774408181508384,4.587866687774659,0.9269999861717224
2.209778176413642,1.7839441472833806,4.7313944546863285,0.9251000285148621
2.4564811296952076,2.1484971682230634,4.672892478796152,0.9254000186920166
2.0653044411114285,1.8277659193500058,4.760562215532575,0.9225999712944031
2.416135980866172,2.2876575674329485,4.477933764457703,0.9241999983787537
2.451350612299783,2.1918558847336542,4.444011901106153,0.9262999892234802
2.4765493823931766,1.9019092718760173,4.468353816441128,0.9247000217437744
2.1805428734847476,2.2074632415404687,4.589390071538778,0.9226999878883362
1.9331643336858504,2.4273428281148273,4.686773300170898,0.9230999946594238
2.4288740030356815,1.8281877173317804,4.589048057794571,0.9273999929428101
2.236819111638599,2.3689743738908033,4.440481658674713,0.9283000230789185
2.782808598243829,2.0702474866157923,4.575218943449167,0.927299976348877
1.9563598155975341,1.7606871207555135,4.672008568590337,0.9293000102043152
2.6234971231884425,2.0826566914717355,4.575610070758396,0.9311000108718872
2.086020617257981,2.5491119225819907,4.484387840543475,0.9336000084877014
2.338219099243482,2.2634166479110718,4.532869672775268,0.9325000047683716
2.969154504212466,2.1442300743526883,4.576746510134803,0.925000011920929
1.9815406095413934,2.394935663257326,4.7960362752278645,0.9182999730110168
2.437447726071536,2.569270467758179,4.645511842909313,0.9157999753952026
2.594676717122396,2.4367882708708444,4.586612293455336,0.9146999716758728
2.587640341821608,2.1017828629567075,4.481089420371003,0.9128999710083008
1.9342488527297974,2.419105976819992,4.667230695185035,0.9186000227928162
1.266618053118388,1.9990435058420355,4.5693965680671464,0.9185000061988831
2.212831918682371,2.0900867535517764,4.566592473250169,0.9151999950408936
2.253877952363756,2.047656872055747,4.774432394721291,0.9215999841690063
2.0033102187243377,1.7236710913253552,4.706938584645589,0.9190999865531921
2.2458760955116968,1.821021374427911,4.468809026660341,0.9172000288963318
2.1098236057493422,1.9753774007161458,4.678442227840423,0.9174000024795532
2.4201179254622684,2.2881545888053045,4.433241330782573,0.9217000007629395
2.729766838061504,2.171798755905845,4.427382779288125,0.9236999750137329
2.66406999429067,2.6329246628415452,4.2717455574444365,0.9061999917030334
2.846225117192124,2.329780947594416,4.27557898419244,0.9068999886512756
2.0703082648190585,2.3088155005659377,4.245946978980845,0.921999990940094
1.7615984590614544,1.8137135288932107,4.477688090473998,0.9302999973297119
2.149537980556488,1.8791062355041503,4.359654125571251,0.934499979019165
2.1928399450638714,1.9627384798867362,4.427066776682349,0.9354000091552734
2.263851926543496,1.93277055422465,4.444242672486738,0.9340000152587891
2.5904404110378687,2.099946449964474,4.338804391714243,0.9309999942779541
2.665149384074741,2.0629611886464634,4.334559216866126,0.9296000003814697
2.776704200108846,2.008340895175934,4.41734402179718,0.9345999956130981
2.828240301873949,2.120498956333507,4.483109404823997,0.9319999814033508
2.517357020907932,2.43242560227712,4.492393226623535,0.9235000014305115
2.437438069449531,1.8850570519765217,4.415283883412679,0.9108999967575073
2.868322404225667,1.7067935201856825,4.223391902446747,0.8978000283241272
2.742041342908686,1.9168413139524914,4.298873114895511,0.9013000130653381
2.862486087914669,2.1909210602442424,4.472412794828415,0.906000018119812
2.785723159710566,2.174044630262587,4.305885208977593,0.9157000184059143
2.5969673915342852,2.3830816679530673,4.1145267920060595,0.9261000156402588
2.4436087714301213,2.2314995425088067,4.021011435190837,0.9290000200271606
2.4639376095363072,1.4792693694432577,4.095955081515842,0.932699978351593
3.231070888893945,2.2715853736514138,4.019677332469395,0.9325000047683716
2.554788188500838,2.425618460545173,4.0159286502357965,0.9322999715805054
2.5049051153354154,1.6442383868353707,3.943563021146334,0.9311000108718872
2.7331385357039317,1.947237253189087,4.0401670932769775,0.9322999715805054
1.9971673069419442,1.6395937833521101,3.954753527565608,0.928600013256073
2.3301253616809845,1.9014841534874656,3.8564379899590104,0.9254000186920166
2.2466048327359287,1.8539939085642496,4.135986575213345,0.91839998960495
2.5957224832640753,1.3856454491615295,4.253750386061491,0.9093000292778015
2.1000939625682253,2.184100963852622,4.1010390754902,0.901199996471405
2.431415851910909,2.0771452694228203,3.984876940647761,0.8919000029563904
2.0065732182878437,2.3165932546962393,4.273257925654903,0.8907999992370605
2.162544926007589,1.6463208569420709,3.9898919653892517,0.8902999758720398
2.34940918133809,1.9713549296061197,4.158320109660809,0.892799973487854
2.4044236375225916,2.39080240045275,4.054125025158837,0.8978999853134155
2.6692279126909044,2.184554433822632,4.1697180724143985,0.9067999720573425
2.5507996450770984,2.3594095706939697,4.532913320714777,0.9075999855995178
2.3253824819218027,2.1052397107466674,4.528439661839625,0.9059000015258789
2.490579117428173,2.108338796430164,4.4462230889885515,0.9056000113487244
2.361806558711188,2.1100109100341795,4.182557025551796,0.9165999889373779
2.3064802010854084,1.5663098620645928,4.166058113177617,0.9247000217437744
1.7748596005969577,1.979434323310852,4.088068435408852,0.8999000191688538
2.331613298618432,1.4485886182103838,4.197780395547549,0.8784000277519226
2.548557383673532,2.1840500798490314,4.183882543018886,0.8769000172615051
2.5067129838160978,1.4526475625378745,4.1067131872360525,0.895799994468689
2.373273558086819,1.7924078978024995,4.223770657607488,0.9061999917030334
2.467273453871409,1.649626076221466,4.269243796666463,0.9059000015258789
2.485411442377988,2.115876007080078,4.055671164568733,0.911300003528595
2.312070359124078,2.0247744625264947,3.6487799167633055,0.9261000156402588
2.1346579053185204,2.237171875708031,4.157830198605855,0.9215999841690063
2.3964612911144894,1.458979140628468,4.018408183347095,0.8988999724388123
2.845167060331865,1.2780562480290731,4.122806216731216,0.8763999938964844
2.6087580919265747,1.4159637457794614,4.070580551359389,0.8876000046730042
2.6971908807754517,1.2907607066325653,4.122618656892043,0.9114000201225281
2.7488965888818107,1.6639782303855533,3.9323806346408903,0.9257000088691711
2.3347197679372935,1.124852442741394,3.94172655762016,0.9271000027656555
2.1898498866293163,1.5686023698912726,3.944923665788439,0.923799991607666
2.5108171195694893,1.3750913866928645,3.985148678223292,0.9205999970436096
2.629847134153048,1.2078040838241577,4.028246007859707,0.9178000092506409
2.799448569615682,1.158026149778655,3.9706405533684626,0.9164999723434448
2.24906784909613,1.6930630451593645,3.9397232219644263,0.9122999906539917
2.4390603069103127,1.2920525886795737,3.954644827379121,0.9114999771118164
2.1074967914157443,1.2806655515323986,4.037652037360451,0.9154999852180481
2.765313591275896,1.3328749452318465,3.945888452231884,0.9174000024795532
2.687868653403388,1.499781028429667,3.9661213239034017,0.9125000238418579
2.6163020697268813,1.5706818766064115,4.18965915441513,0.9039000272750854
2.612672272182646,2.2753120171718106,3.845650075556158,0.9056000113487244
2.497592620416121,1.7802512588955106,3.9048435471274634,0.9099000096321106
1.8994943414415633,1.7821820259094239,4.04747773706913,0.9099000096321106
2.123012443383535,1.324079974492391,4.1497453980975685,0.9143999814987183
1.8453200181325278,1.1569429672125615,3.981981909275055,0.9190999865531921
1.8829906311902134,1.098798814686862,3.949985691338531,0.9207000136375427
2.5467456605699326,1.1775200877870833,3.887209517615182,0.9276000261306763
2.0577575531872836,1.3264919678370157,4.262999846718528,0.9197999835014343
2.2138423919677734,1.3882652180535453,4.063919496536255,0.9031999707221985
2.5505157817493784,1.7146203336261567,3.9716133978631762,0.8924999833106995
2.4584770670958926,1.5526838898658752,3.5806468427181244,0.8870999813079834
2.2845767537752786,1.3295961247550117,3.938929231961568,0.8557999730110168
2.099164519045088,1.8888784646987915,3.8655634456210666,0.8471999764442444
2.6090900204398415,1.9144695761439565,4.032673459548454,0.8966000080108643
2.5908893021670254,1.9220725927087996,3.999053955078125,0.9106000065803528
1.7097052122865404,1.9092233048544989,4.351864940590328,0.9088000059127808
2.3426258726553484,2.133968323469162,4.025304079055786,0.9253000020980835
2.3250117216791426,1.467296296423608,4.143240602953093,0.9354000091552734
2.434766283541015,2.011793104807536,4.10835784011417,0.933899998664856
2.5289279108955744,1.7541966156526045,4.024701421911066,0.9257000088691711
1.676495823595259,1.5792858047144753,4.47593269083235,0.9143000245094299
1.9945412339308324,2.139202872912089,4.377282038713113,0.9052000045776367
2.5916703277164035,1.8152009294583247,4.177118203578851,0.9034000039100647
2.6465941508611044,1.8015502293904622,4.1579612425395425,0.9017999768257141
1.8985111045114922,2.410713126442649,4.446725279995889,0.906499981880188
2.574241115933373,2.0317989755899477,4.303471790565239,0.9143000245094299
2.5142681148317125,2.4642690462725505,4.434041956067086,0.9180999994277954
2.129412645822043,1.7137375376441262,4.519016101762846,0.917900025844574
2.6452458944076147,2.118633543000077,4.199704868671222,0.9214000105857849
2.872877610581262,2.2454633712768555,4.119319188594818,0.9199000000953674
2.2533899408120375,2.211597434985332,4.442859325183214,0.9251999855041504
1.9822238380258734,2.014416891139942,4.460874938345575,0.9269000291824341
2.4911910196145377,1.60495268872806,4.194559150271946,0.9304999709129333
2.188815565542741,2.121538421842787,4.187618630582636,0.9323999881744385
2.273282721187129,1.6109708027406173,4.218359837026307,0.9243999719619751
2.3121356859311955,2.0701960457695856,4.075836722812955,0.9341999888420105
1.9162958094051905,2.5981197125381894,3.798123730553521,0.9341999888420105
1.9180002795325386,2.0012067755063376,4.277386021614075,0.9326000213623047
2.1584218939145408,1.7434206681373792,4.160296622112658,0.9280999898910522
2.1743637753857508,1.9810143751757485,4.222433361742231,0.9243999719619751
1.5297537609771057,1.8332655164930556,4.374033182386368,0.9265999794006348
2.401289881359447,1.8549405596473,4.188459098831681,0.9297999739646912
2.5489417856389824,1.68661610616578,4.226631261684276,0.9276000261306763
2.4413728184170194,1.5723065308162145,4.328737205266952,0.9253000020980835
2.404737949371338,1.8775888377969916,3.8517364408030654,0.9211000204086304
2.2736547816883435,1.4792393445968628,4.053838274695656,0.9164000153541565
2.4132644895351296,1.912145905422442,4.292493217521244,0.916700005531311
2.0221957748586483,1.2062466197543673,4.3218780690973455,0.9236000180244446
1.8924911282279275,1.613726101981269,4.203630757331848,0.921999990940094
2.4969399134318033,1.5394993199242486,4.087924542427063,0.921999990940094
1.935351424144976,0.7592603286107381,3.9764118360148535,0.9258000254631042
1.9260081919756802,0.9489469607671102,4.030826564268632,0.9262999892234802
1.5970556717930418,0.7307640617544001,3.9827215707663335,0.9247999787330627
2.193273193306393,1.441691721810235,3.9730400403340655,0.9218999743461609
2.6222932054882957,1.2777372664875455,3.3949500719706216,0.9212999939918518
2.117015623384052,1.6169437079718618,3.665564364857144,0.923799991607666
1.2510010025717995,1.3960123317582267,4.092547159303319,0.925000011920929
1.8996872938040532,1.9347158713774248,3.879177516156977,0.91839998960495
2.126768053661693,1.8295614255799189,3.9930087966148298,0.917900025844574
1.7919057501686944,1.7748925302709853,3.85100699365139,0.919700026512146
2.3409444120195175,2.057716812027825,3.701284337043762,0.9121000170707703
