within 1,within 0,between
3.6156614141149834,3.8888020393175955,4.531906130549672
3.583303361228018,3.8818328891481673,4.51509486635526
3.527382058975024,4.040885103054536,4.439234533253506
3.345593524284852,3.7496421575546264,4.610880734370305
3.6001857807348063,3.917416312477805,4.7039853442798965
3.6413234105476966,4.244002308164324,4.656564737741764
3.2322408025914973,3.815762749585238,4.569577835808116
3.3267183090959276,4.081188768810696,4.858983248472214
3.1825478076934814,4.19384104864938,4.740390453487635
3.4914604743321735,3.7203523212009006,4.584086441993714
3.2817694574594496,4.215322191065008,4.378618924568097
3.4810362989252264,4.1651458995682855,4.3762396059253
3.2470479770140215,3.872983455657959,4.8695174347270616
3.6649879614512124,4.29918264120053,4.722598914261702
3.699752348119562,4.04002890416554,4.929173810915514
3.4711217199053084,4.1973356405893965,4.568125486373901
3.1980552804339064,4.252370304531521,4.599262580039009
3.0186163783073425,3.725984270756061,4.56459260903872
3.4979578071170385,4.012921256678445,4.54839078783989
3.4351247804505483,4.055715634606101,4.635546193881468
3.552870506710476,3.8331519876207625,4.305907523632049
3.098846134685335,3.591294691297743,4.124353569348653
2.9772753715515137,3.372538861774263,4.017422887257167
3.376711885134379,3.9305623372395835,4.131451188193427
3.5927256580555076,3.465091026491589,4.303163698425999
3.2751315236091614,3.608647189297519,3.988905942629254
3.0355770190556846,3.70012412752424,4.007038848740714
3.026772432274871,3.7006662885348,3.84058107648577
3.050768873193762,3.564840875972401,3.9164917561915016
3.0112813818149076,3.603849252065023,3.9095459332832925
3.3235277902512324,3.507759153842926,3.911178683477735
2.827898576404109,3.325220783551534,3.7661956787109374
2.6269705919992354,2.9621595640977225,3.678834491305881
3.112056909907948,3.3640254967742496,3.780684167688543
2.855486388433547,3.2761988268958198,3.64943941116333
3.016092687081068,3.090024783876207,3.845620586321904
2.6390701134999595,3.1087944959149216,3.578936970896191
2.57480064088648,2.9634046951929727,3.496557011748805
2.778321721337058,2.641648528310988,3.3785529851913454
2.4828242952173407,2.885789640744527,3.25319149277427
2.906069697755756,2.693803462717268,3.274760901927948
2.5336653937896094,2.8488637634686063,3.0831732135266066
2.4751869482653484,2.4878235703859573,3.099367082118988
2.0080562092009044,2.6800327626141636,2.7629097870418002
2.599258364775242,2.4969332260744914,3.0667526102983036
2.5422524443039527,2.556967616081238,3.096467444946716
2.6733809808890023,2.624254660172896,3.25757847169433
2.309202349547184,2.7723036592656918,3.3808140303149368
1.8824146654870775,2.2850259031568254,3.1937169863118067
2.286261342073742,2.513418944676717,2.8603046172857285
2.00813317082145,2.167979421037616,2.7943993373350664
2.0067884943702006,2.2322972676692863,2.496905502739486
1.5389314152977682,2.5096260414018734,2.421195989305323
1.8983234976019179,2.163267187583141,2.4665607546384516
1.260588076379564,2.170875014199151,2.0849355268478393
1.0734264958988537,1.9813662926355997,2.2350788820873606
1.221878257664767,1.6906584431727727,2.0004230638345084
0.9480873801491477,1.5555451313654582,1.784072944612214
1.3396165425127202,1.8605222993426853,1.9799580226341884
1.001327436620539,1.8666601048575506,1.8731449553460786
0.8549172813242132,1.7394930687215593,1.9395528790926693
0.7848282410548284,1.722714940706889,2.1997204442600626
0.5862298293547197,1.4579843396232242,2.101234778181299
0.8262793945543694,1.5892848586424804,2.187517769825764
0.8159561070528898,1.577441809394143,1.823255878834685
0.8709155014066985,1.2886751294136047,1.8568740238746007
0.9054361733523282,1.3306331817920392,1.9913061013469449
1.0013755903099522,1.7847010077852192,1.8188232191734843
0.8346044189400144,1.7876173768724715,1.927867008580102
1.215022535757585,1.2611393522430252,2.01950992624481
1.177531014650296,1.5521151188648108,2.0471604275397763
1.3643885110363816,0.8638708035151164,1.543867141008377
1.0461356937885284,1.0123471048143176,1.326116631925106
1.2018469671408336,1.4001601139704387,1.311793135272132
0.7354913512865703,1.1869501140382555,1.012737400829792
0.28205128205128205,0.6245911452505324,0.4406525548706707
1.0475195668992543,0.9397752966199603,1.011071428656578
0.7884908372705633,1.0264928057080223,1.0125952819725135
0.34285714285714286,0.9023595742690258,1.0685402228282048
0.0,0.7922947376202314,0.7878954318853525
0.18181818181818182,1.0205304974164717,0.8087263432416049
0.34285714285714286,1.209437180788089,1.0243107557296753
0.2222222222222222,1.2647099049536736,1.034185648910583
0.5737887458367781,1.0836819590944233,1.1987865393360455
0.5934410217480782,1.5040965676307678,1.3028392906372364
0.0,1.0452087039039248,1.243820309638977
0.39203312360879145,0.6,1.595461259285609
1.2197703421115875,1.0802301565806072,1.498383464557784
1.2072012060218387,0.43636363636363634,1.3618860846818095
0.7216461499532064,0.9825911733839247,1.1107608455878037
0.6904681709077624,0.26373626373626374,1.0876753892217363
0.0,1.29964050716824,1.3217332005500793
0.3244577808813615,1.4557070367866092,1.2112641036510468
0.5755443281597561,1.0242640614509582,1.1188224983215331
0.35555555555555557,0.8782683642081965,0.7072444001833598
0.0,1.2357545069285802,0.7142857142857143
0.7660052866646738,0.5295206016964382,0.8450374772151311
1.0421030362447103,0.8643186345244899,0.984343440996276
1.3550133440229628,0.6728259370877192,1.3223300703570373
0.9670752828771417,1.547095284317479,1.692634062634574
1.6697892058979382,1.435974899927775,1.9524192398244684
1.2750468727869866,1.5789285226301712,1.7411429140117618
1.2357316703507395,1.4829514196940832,1.7588151726457808
0.6588678974093813,1.0812445138439988,1.4541860595345497
0.2222222222222222,0.7734590768814087,0.9131718377272288
0.38461538461538464,0.8508762651019626,0.8320969098653549
0.3626373626373626,0.5333333333333333,0.5057771574883234
0.6,0.6367295384407043,0.8431980460882187
0.21757131356459397,0.2222222222222222,0.21406631693880782
0.0,0.7126903931299845,0.6015792820188735
0.4958776036898295,0.7618806411822637,0.62338279808561
0.6734066837363772,0.9013430050441197,0.7220425549007597
0.3126040985381681,0.5791904287678855,0.4420277501145999
0.28205128205128205,0.5862298293547197,0.42537361591845957
0.2222222222222222,1.018209308385849,0.8132826238870621
1.0660929986924836,1.2830188780119924,1.2241659412781398
0.6890397058738457,0.8999540697444569,1.0272095955553509
1.0277789235115051,0.5173050815408881,0.8251299361387888
0.25,0.7180824067857531,0.535927326977253
0.2222222222222222,0.4733733426440846,0.3448392649491628
0.3244577808813615,0.3333333333333333,0.31706148717138505
0.5919858741037773,0.7456214074250106,0.6608273337284724
0.2,0.25,0.21767766922712325
0.5643993486960729,0.5135025566274469,0.5192316817966375
0.45141574011908636,0.9592603286107381,0.7430154720942179
1.1885293960571288,0.8247969074127002,1.005329976632045
0.32727272727272727,0.6306333325125955,0.46625524020392045
0.16666666666666666,0.8543182250225183,0.5389794194036059
0.32727272727272727,0.5435339780080886,0.40036918280960676
0.3888888888888889,0.4,0.3961872683631049
0.40406101090567453,0.6720813478742327,0.6077648673738753
0.46153846153846156,0.9741760691006979,0.9048826439767821
0.989900448105552,0.5704713787351335,1.0666493833065034
0.8699795918031172,0.8275301328727177,1.0858041088689456
0.5357142857142857,0.38698252307044134,0.4780330076813698
0.7847846547762553,0.8892676702567509,0.9443110090035659
0.8078689473015922,0.5,0.6637949645519257
0.9445209741592407,1.1018435313151433,1.0396521599976334
0.0,0.7163162197385515,0.5885618050893148
0.0,0.42817259828249615,0.2222222222222222
0.16666666666666666,0.31426967514885795,0.2341518490402787
0.0,0.6588678974093813,0.4166666666666667
0.3529857006939975,0.9249819559710366,0.8862615105780688
0.4861828638957097,0.42817259828249615,0.42584804883078925
0.0,0.9380711793899537,0.7
0.6348408298058943,0.4666666666666667,0.6755517462889353
0.7749859657552507,0.8408025786990211,0.8129079852785382
0.35555555555555557,0.9516537861390547,0.8398549708453091
0.5566687269525213,1.1543767338707334,1.2121354414492238
0.5788817782612408,1.0782865498747145,1.4923966246492721
0.5759496688842773,0.8910493850708008,1.291850208089902
1.2123631845821035,1.0200312059004228,1.3066850985799516
1.0724427898724873,1.214755268323989,1.234687368948381
0.9204905170660752,0.7817259828249613,1.0780195741571932
0.7126903931299845,1.0016342529228754,1.0025995175043743
0.9810359441872799,0.6466562783016878,0.9452661918658837
0.7441173606448703,1.0608423081311313,1.1279368470112483
0.868227295442061,0.54779386978883,0.9944062032899657
0.5805107318993771,0.6552284717559814,1.1791334619124731
0.14285714285714285,0.9669612122304512,0.9308733173779079
0.0,0.5333333333333333,0.3333333333333333
0.25,0.6276142358779907,0.495710676908493
0.0,0.0,0.0
0.0,0.2,0.1
0.0,0.0,0.0
0.0,0.30303030303030304,0.16666666666666666
0.5142857142857142,0.5357142857142857,0.525
0.18181818181818182,0.0,0.09090909090909091
0.0,0.0,0.0
0.0,0.0,0.0
0.0,0.0,0.0
0.0,0.2222222222222222,0.1111111111111111
0.0,0.25,0.125
0.0,0.0,0.0
0.0,0.2,0.1
0.0,0.0,0.0
0.0,0.0,0.0
0.0,0.0,0.0
0.0,0.0,0.0
0.0,0.0,0.0
0.0,0.0,0.0
0.0,0.0,0.0
0.15384615384615385,0.5303030303030303,0.5705128205128205
0.0,0.0,0.0
0.0,0.2222222222222222,0.1111111111111111
0.0,0.51593128992961,0.3076923076923077
0.0,0.2857142857142857,0.14285714285714285
0.0,1.0006712223544265,0.6300398210684458
0.0,0.7449193174188787,0.5298570069399747
0.0,0.5,0.6666666666666666
0.525,0.6260501369015201,0.627800967012133
0.16666666666666666,0.6677803971550681,1.0000923682342877
0.2222222222222222,0.8995771110057831,0.72043627721292
0.5555555555555556,0.9397752966199603,0.8593063503503799
0.16666666666666666,0.5755443281597561,0.8324957897265752
0.0,0.5128205128205128,0.6153846153846154
0.4945054945054945,0.18181818181818182,0.6168831168831169
0.5454545454545454,0.0,0.45454545454545453
0.32727272727272727,0.0,0.18181818181818182
0.4666666666666667,0.0,0.3
0.0,0.0,0.0
0.0,0.0,0.0
0.0,0.0,0.0
0.0,0.0,0.0
0.0,0.2,0.1
0.0,0.0,0.0
0.30303030303030304,0.0,0.16666666666666666
0.0,0.0,0.0
0.0,0.25712973421270197,0.12856486710635098
0.0,0.0,0.0
0.0,0.5555555555555556,0.5555555555555556
0.0,0.6,0.5
0.0,0.18181818181818182,1.3765577619726008
0.5303030303030303,0.8806302547454834,0.9923395857666478
0.14285714285714285,0.0,0.07142857142857142
0.0,0.13333333333333333,0.06666666666666667
0.0,0.0,0.0
0.43956043956043955,0.0,0.2857142857142857
0.2222222222222222,0.6276142358779907,0.839142746395535
0.0,0.47619047619047616,0.6666666666666666
0.0,0.42857142857142855,0.75
0.0,0.3333333333333333,0.8333333333333334
0.0,0.15384615384615385,0.9230769230769231
0.2,0.2,0.1941421353816986
0.26373626373626374,0.0,0.14285714285714285
0.0,0.0,0.0
0.0,0.15384615384615385,0.07692307692307693
0.2,0.32727272727272727,0.24545454545454545
0.5333333333333333,0.5555555555555556,0.5
0.6964185469680362,0.6633687496185303,0.6528438943805117
0.6276142358779907,0.5295206016964382,0.530710676908493
0.509090909090909,0.8928370939360725,0.7116751887581565
0.5274725274725275,0.9354294070175716,0.7420776592833656
0.14285714285714285,0.7323982986536893,0.4793514304217838
0.0,0.4,0.2
0.48778958320617677,0.4666666666666667,0.4862298293547197
0.5357142857142857,0.42857142857142855,0.7834708653390408
0.18181818181818182,0.814269675148858,0.6649336068317143
0.3626373626373626,0.5454545454545454,0.5
0.0,0.0,0.0
0.0,0.0,0.0
0.0,0.0,0.0
0.0,0.0,0.0
0.0,0.0,0.0
0.0,0.31426967514885795,0.15713483757442898
0.0,0.0,0.0
0.0,0.0,0.0
0.0,0.0,0.0
0.15384615384615385,0.43956043956043955,0.3497629349048321
0.0,0.5530457581792559,0.3017766922712326
0.0,0.5,0.3333333333333333
0.0,0.25,0.125
0.32727272727272727,0.40406101090567453,0.34711586809777595
0.0,0.16666666666666666,0.08333333333333333
0.23333333333333334,0.5530457581792559,0.3955266922712326
0.2,0.6811095603874752,0.49445436149835587
0.5714285714285714,0.47140451272328693,0.6178511281808218
0.4093567251461988,0.23570225636164346,0.34999556813323707
0.0,0.0,0.0
0.0,0.0,0.0
0.0,0.0,0.0
0.0,0.0,0.0
0.0,0.0,0.0
0.0,0.0,0.0
0.0,0.0,0.0
0.0,0.0,0.0
0.0,0.0,0.0
0.0,0.0,0.0
0.0,0.0,0.0
0.0,0.0,0.0
0.0,0.0,0.0
0.0,0.0,0.0
0.0,0.0,0.0
0.0,0.0,0.0
0.0,0.0,0.0
0.0,0.0,0.0
0.5128205128205128,0.30303030303030304,0.4230769230769231
0.45194586479302606,0.8828427076339722,0.6678511281808217
0.0,0.3244577808813615,0.16666666666666666
0.0,0.6811095603874752,0.4267766922712326
0.0,0.0,0.0
0.0,0.5454545454545454,0.5454545454545454
0.32727272727272727,0.43636363636363634,0.35537190082644626
0.0,0.2222222222222222,0.1111111111111111
0.5357142857142857,0.2610877479825701,0.47904401024182636
0.0,0.0,0.0
0.0,0.0,0.0
0.0,0.0,0.0
0.125,0.0,0.0625
0.0,0.0,0.0
0.0,0.0,0.0
0.0,0.2,0.1
0.0,0.2,0.1
0.0,0.16666666666666666,0.08333333333333333
0.0,0.3660130718954248,0.2222222222222222
0.0,0.38461538461538464,0.23076923076923078
0.4090909090909091,0.5357142857142857,0.5625
0.5,0.5555555555555556,0.4722222222222222
0.0,0.0,0.0
0.43956043956043955,0.3888888888888889,0.38095238095238093
0.3888888888888889,0.18181818181818182,0.2727272727272727
0.0,0.0,0.0
0.0,0.0,0.0
0.0,0.0,0.0
0.0,0.0,0.0
0.0,0.0,0.0
0.0,0.0,0.0
0.0,0.0,0.0
0.0,0.5435339780080886,0.2857142857142857
0.0,0.2,0.1
0.0,0.0,0.0
0.0,0.6141455355144683,0.4666666666666667
0.0,0.25,0.125
0.0,0.0,0.0
0.18181818181818182,0.5555555555555556,0.5642824335531755
0.0,0.0,0.0
0.0,0.2222222222222222,0.1111111111111111
0.0,0.8242640614509582,0.4828427076339722
0.0,0.42857142857142855,0.25
0.0,0.0,0.0
0.0,0.737744791167123,0.5517766922712326
0.0,0.8995771110057831,0.6936267349455092
0.5357142857142857,0.5,0.5416666666666666
0.28205128205128205,0.47140451272328693,0.8824157317479452
0.0,0.5555555555555556,0.4444444444444444
0.0,0.32727272727272727,0.8181818181818182
0.0,0.42857142857142855,0.75
0.18181818181818182,0.0,0.09090909090909091
0.0,0.0,0.0
0.0,0.0,0.0
0.0,0.0,0.0
0.0,0.0,0.0
0.0,0.0,0.0
0.0,0.0,0.0
0.0,0.0,0.0
0.0,0.0,0.0
0.0,0.15384615384615385,0.07692307692307693
0.35555555555555557,0.3333333333333333,0.3471404512723287
0.0,0.0,0.0
0.0,0.0,0.0
0.0,0.0,0.0
0.0,0.0,0.0
0.0,0.4666666666666667,0.7
0.0,0.0,0.0
0.0,0.0,0.0
0.0,0.0,0.0
0.0,0.0,0.0
0.0,0.0,0.0
0.0,0.0,0.0
0.0,0.0,0.0
0.0,0.0,0.0
0.0,0.0,0.0
0.0,0.0,0.0
0.0,0.0,0.0
0.0,0.0,0.0
0.0,0.0,0.0
0.0,0.0,0.0
0.0,0.14285714285714285,0.07142857142857142
0.18181818181818182,0.0,0.09090909090909091
0.0,0.0,0.0
0.0,0.0,0.0
0.0,0.0,0.0
0.0,0.4666666666666667,0.3
0.4666666666666667,0.35555555555555557,0.62
0.16666666666666666,0.0,0.08333333333333333
0.0,0.30303030303030304,0.16666666666666666
0.0,0.0,0.0
0.0,0.0,0.0
0.0,0.0,0.0
0.0,0.0,0.0
0.0,0.0,0.0
0.0,0.0,0.0
0.0,0.0,0.0
0.0,0.0,0.0
0.0,0.0,0.0
0.0,0.0,0.0
0.0,0.0,0.0
0.0,0.0,0.0
0.0,0.0,0.0
0.0,0.0,0.0
0.0,0.0,0.0
0.0,0.0,0.0
0.0,0.0,0.0
0.0,0.0,0.0
0.0,0.0,0.0
0.0,0.0,0.0
0.0,0.0,0.0
0.13333333333333333,0.0,0.06666666666666667
0.0,0.0,0.0
0.4090909090909091,0.0,0.75
0.36979454358418784,0.32727272727272727,0.9826251412882949
0.30303030303030304,0.5333333333333333,0.6111111111111112
0.5333333333333333,0.18181818181818182,0.5818181818181818
0.42857142857142855,0.0,0.75
0.23570225636164346,0.0,0.11785112818082173
0.0,0.0,0.0
0.0,0.0,0.0
0.0,0.0,0.0
0.0,0.0,0.0
0.0,0.0,0.0
0.0,0.0,0.0
0.0,0.0,0.0
0.0,0.0,0.0
0.0,0.0,0.0
0.0,0.0,0.0
0.0,0.0,0.0
0.0,0.0,0.0
0.0,0.0,0.0
0.0,0.0,0.0
0.0,0.0,0.0
0.0,0.0,0.0
0.0,0.0,0.0
0.0,0.0,0.0
0.0,0.1111111111111111,0.05555555555555555
0.16666666666666666,0.0,0.08333333333333333
0.14285714285714285,0.0,0.07142857142857142
0.0,0.0,0.0
0.0,0.0,0.0
0.0,0.0,0.0
0.0,0.0,0.0
0.0,0.0,0.0
0.0,0.0,0.0
0.0,0.0,0.0
0.0,0.0,0.0
0.0,0.0,0.0
0.0,0.0,0.0
0.0,0.0,0.0
0.0,0.0,0.0
0.0,0.18181818181818182,0.09090909090909091
0.0,0.0,0.0
0.0,0.0,0.0
0.0,0.0,0.0
0.0,0.16666666666666666,0.08333333333333333
0.0,0.6,0.4
0.32727272727272727,0.9533442692323164,0.8236545058321362
0.0,0.5435339780080886,0.9163162197385516
0.5357142857142857,0.25,1.2459392882883549
0.7885350218186011,0.5333333333333333,0.9292797797765487
0.18181818181818182,0.4,0.28025842796672473
0.0,0.18181818181818182,0.09090909090909091
0.2,0.48778958320617677,0.9070334629579024
0.48484848484848486,0.0,0.3333333333333333
0.5384615384615384,0.0,0.5384615384615384
0.5454545454545454,0.0,0.45454545454545453
0.0,0.0,0.0
0.0,0.0,0.0
0.0,0.0,0.0
0.0,0.0,0.0
0.0,0.0,0.0
0.0,0.0,0.0
0.15384615384615385,0.0,0.07692307692307693
0.5714285714285714,0.0,0.5
0.5128205128205128,0.0,0.6153846153846154
0.25,0.0,0.125
0.0,0.0,0.0
0.4090909090909091,0.0,0.25
0.32727272727272727,0.0,0.18181818181818182
0.0,0.2222222222222222,0.1111111111111111
0.47619047619047616,0.0,0.2857142857142857
0.4,0.0,0.25
0.4958776036898295,0.0,0.2845177948474884
0.5179502475829352,0.0,0.2942809025446574
0.7610421233124786,0.0,0.5469181537628174
0.8437902768452962,0.0,0.7242640614509582
0.0,0.0,0.0
0.0,0.0,0.0
0.0,0.0,0.0
0.0,0.0,0.0
0.0,0.0,0.0
0.0,0.0,0.0
0.0,0.0,0.0
0.0,0.0,0.0
0.0,0.0,0.0
0.0,0.18181818181818182,0.09090909090909091
0.0,0.0,0.0
0.16666666666666666,0.47619047619047616,0.35510032233737765
0.0,0.0,0.0
0.0,0.30303030303030304,0.16666666666666666
0.0,0.0,0.0
0.0,0.42857142857142855,0.25
0.0,0.0,0.0
0.0,0.15384615384615385,0.07692307692307693
0.0,0.0,0.0
0.0,0.0,0.0
0.0,0.509090909090909,0.36363636363636365
0.5333333333333333,0.2,0.58
0.0,0.5333333333333333,0.5333333333333333
0.0,0.0,0.0
0.0,0.0,0.0
0.0,0.0,0.0
0.0,0.0,0.0
0.0,0.0,0.0
0.0,0.0,0.0
0.0,0.0,0.0
0.0,0.0,0.0
0.0,0.0,0.0
0.0,0.0,0.0
0.0,0.0,0.0
0.0,0.0,0.0
0.0,0.5303030303030303,0.4166666666666667
0.0,0.35555555555555557,0.2
0.0,0.0,0.0
0.0,0.18181818181818182,0.09090909090909091
0.0,0.30303030303030304,0.16666666666666666
0.16666666666666666,0.18181818181818182,0.16980464801643835
0.0,0.0,0.0
0.0,0.0,0.0
0.0,0.0,0.0
0.0,0.0,0.0
0.0,0.2,0.1
0.0,0.0,0.0
0.0,0.0,0.0
0.0,0.0,0.0
0.0,0.0,0.0
0.0,0.0,0.0
0.0,0.0,0.0
0.0,0.0,0.0
0.0,0.0,0.0
0.0,0.0,0.0
0.0,0.0,0.0
0.11764705882352941,0.0,0.058823529411764705
0.35555555555555557,0.18181818181818182,0.28025842796672473
0.18181818181818182,0.0,0.09090909090909091
0.325,0.0,0.1875
0.32727272727272727,0.0,0.18181818181818182
0.35555555555555557,0.0,0.2
0.28205128205128205,0.0,0.15384615384615385
0.2222222222222222,0.0,0.1111111111111111
0.0,0.0,0.0
0.0,0.0,0.0
0.0,0.0,0.0
0.0,0.0,0.0
0.0,0.0,0.0
0.0,0.0,0.0
0.0,0.30303030303030304,0.16666666666666666
0.0,0.0,1.0
0.0,0.0,0.0
0.0,0.0,0.0
0.0,0.0,0.0
0.0,0.0,0.0
0.0,0.0,0.0
0.0,0.3333333333333333,0.16666666666666666
0.0,0.0,0.0
0.0,0.0,0.0
0.0,0.0,0.0
0.0,0.0,0.0
0.0,0.0,0.0
0.2,0.0,0.1
0.48484848484848486,0.13333333333333333,0.6444444444444445
0.5357142857142857,0.0,0.375
0.0,0.0,0.0
0.0,0.0,0.0
0.0,0.0,0.0
0.0,0.0,0.0
0.0,0.5,0.3333333333333333
0.0,0.0,0.0
0.0,0.0,0.0
0.0,0.0,0.0
0.0,0.0,0.0
0.0,0.0,0.0
0.0,0.0,0.0
0.0,0.0,0.0
0.2,0.2857142857142857,0.7857142857142857
0.30303030303030304,0.0,0.16666666666666666
0.0,0.0,0.0
0.0,0.0,0.0
0.0,0.0,0.0
0.15384615384615385,0.0,0.07692307692307693
0.0,0.4,0.2
0.0,0.0,0.0
0.0,0.0,0.0
0.2222222222222222,0.42857142857142855,0.8122955726252662
0.0,0.35555555555555557,0.2
0.0,0.0,0.0
0.0,0.0,0.0
0.0,0.0,0.0
0.0,0.0,0.0
0.0,0.0,0.0
0.0,0.0,0.0
0.0,0.0,0.0
0.0,0.0,0.0
0.5454545454545454,0.0,0.5
0.0,0.0,1.0
0.48484848484848486,0.43636363636363634,0.5757575757575758
0.43636363636363634,0.0,0.7272727272727273
0.0,0.0,0.0
0.0,0.0,0.0
0.0,0.0,0.0
0.0,0.0,0.0
0.0,0.0,0.0
0.0,0.0,0.0
0.0,0.0,0.0
0.0,0.0,0.0
0.0,0.0,0.0
0.0,0.0,0.0
0.0,0.42857142857142855,0.25
0.0,0.0,0.0
0.0,0.0,0.0
0.0,0.0,0.0
0.0,0.0,0.0
