within 1,within 0,between
2.7608097254574955,3.782820081099486,4.226879456541041
1.4552167292797205,2.110750138759613,2.3544617605706057
0.15384615384615385,0.0,0.07692307692307693
0.8541260162989298,0.8828427076339722,1.1548047304153441
0.7220067388408786,0.720113398812034,0.7297397263638385
1.077082300797487,1.093079890523638,1.314373445052367
1.1502865747971969,0.8887319348075173,1.0416984528549447
0.0,0.0,0.0
1.9600973256996699,1.2932153642177582,2.0316513497382402
1.2901436461342706,0.7880749411053127,1.0090874135494232
0.8242640614509582,0.6809261350920706,0.7778025704125563
0.6740194125608965,0.9772712971482959,0.8219790770248934
0.8415321956981312,0.0,0.6960776502435858
1.2288818189076014,1.227015706209036,1.393986375777276
1.215867777304216,1.0250933298042841,1.0622609623453834
0.42857142857142855,0.8269600682788425,0.6681980460882186
0.605176568031311,0.0,0.67244382415499
0.42857142857142855,0.28205128205128205,0.6730769230769231
0.6904681709077624,0.737744791167123,0.6340990230441094
0.25,0.0,0.125
0.9548851834403144,0.42857142857142855,0.8998785465955734
0.13333333333333333,1.1831535869174534,0.8648479509353638
0.4,0.2857142857142857,0.2857142857142857
0.0,0.3888888888888889,0.7777777777777778
0.0,0.0,0.0
0.3888888888888889,0.6317063871320787,0.6346870036352248
0.0,0.0,0.0
0.0,0.0,0.0
0.8624676046790657,1.2570588502016935,2.5840220420391526
0.0,0.9397260109583537,0.6974691390991211
0.5714285714285714,0.0,0.5714285714285714
0.5180609605529092,0.3464101552963257,1.693912509083748
0.47619047619047616,0.3888888888888889,2.4332153645772783
0.32727272727272727,0.8602934016121758,1.6855953522402831
0.0,0.4666666666666667,0.3
0.7878954318853525,0.7656854152679443,1.8343049177756676
0.3333333333333333,0.9261045004382278,1.4454885721206665
0.509090909090909,0.7953207095464071,1.6914730072021484
0.6588678974093813,0.7847490734524197,1.7191691160202027
0.5454545454545454,0.8828427076339722,1.6241803945917073
0.0,0.0,0.0
0.125,0.0,0.9375
0.0,0.0,0.0
0.0,0.0,0.0
0.0,0.0,0.0
0.38461538461538464,0.751158332824707,1.0808835938260273
1.399325539668401,1.570268574627963,1.8735055947544599
0.7197838136644075,1.183008733662692,2.0292140263499636
0.0,1.2271238352571214,1.423613116145134
1.2826609078206515,1.8073686573240493,2.700170668363571
1.4529877727681941,2.117089833274032,3.794037123521169
0.771389202638106,2.0831240996336327,2.702273613089448
0.8886833797801624,2.0783544241727054,3.039971484766378
1.5847598271710532,1.846634939695016,2.8021145451527376
1.270430784755283,1.8065305259492663,1.6404088318347931
0.509090909090909,0.7572697321573894,1.3131885387680746
0.45194586479302606,1.062192717194557,0.9624109615882238
1.6129785949533635,1.9614345868428549,2.1887554580515083
1.1337824120666042,2.050969706641303,2.1065876613060635
0.9560654336755926,2.6134648621082306,2.5236101186636724
2.0537989182905716,2.7397889296213784,4.115224198861555
2.312823922206194,1.9128779286429995,4.076027537440206
1.3530920072035355,2.2751736584163846,3.5441702650739
1.8489822095090693,2.793520533121549,3.833135716426067
2.8385975100777365,3.406141285462813,4.800034526951057
2.1371019320054487,4.165184577306111,5.139407659570376
1.8201265421780672,2.9528345432910292,5.399265010635574
2.2483774929335625,3.6337218212358877,5.291583110888799
1.6640370421939426,3.934897554772241,4.613541493813197
2.2023206970908427,2.9384805448762665,4.295311559330333
2.1408588779278293,2.836803275527376,4.055773609723801
2.1529596971743032,3.1202595313390096,3.5684168537457785
1.806317069700786,3.4480213509665596,3.5271383821964264
2.561437302165561,3.781920514323495,4.7807453429257425
2.1921671042839685,3.867907020780775,4.88202453404665
1.6793035161800873,3.8691821893056235,4.359579084265945
2.5655558847245716,3.674431711435318,5.300631483395894
3.4822565533898096,4.152659382138934,5.447364460338246
2.964254247574579,3.584154349107009,5.368209012349447
2.4424167182710437,3.8434816980973268,5.781215572357178
3.0507475636222146,4.143677164346744,5.600654952175967
2.6913292930239723,4.194944652227255,5.103271271632268
3.482768439584308,3.6143518267097052,5.3673225584484285
3.433462932254329,3.994014519633669,5.304794390996297
3.4740895185715113,4.392544547716777,5.190725734600654
2.5820333594367617,4.254432916641235,5.570981293632871
3.122659475514383,3.205321431159973,6.309976998964945
3.409048693520682,4.078889517557053,6.115492505686624
2.811066938771142,3.5939668915488503,5.193226968399202
2.659099037830646,2.8862918668323094,5.212055428211506
2.4718489302529227,3.3129482452686014,5.098287395068577
1.6156953681599011,2.9225231223636206,4.845742424329122
2.4707495443748706,3.6594310568438635,4.914824633686631
2.573891690042284,3.367050552368164,5.2931546878814695
2.736804649564955,3.8926948301153246,5.594349071714613
2.069795775413513,3.811034940537952,4.957393801057494
1.4441580266663523,3.4571938276290894,4.008690810203552
2.5148526350657145,3.3371128168973057,4.789553854200575
3.0525942345460257,3.0877296252128406,5.122015916384184
2.5706929365793862,3.823977575157628,5.658513319161203
3.010103284228932,3.4772165854771933,5.435646512291648
2.4947435840582237,3.416992774876681,5.19638344958112
2.510755860444271,3.602793246223813,4.996687436103821
2.123906858039625,2.9499951601028442,5.29479354288843
2.002110176616245,2.826994708606175,4.721964326169756
2.2046133279800415,3.168941216336356,4.83677140260354
2.5459206654475284,3.363437223434448,4.987506667772929
2.1909789085388183,3.7474419942923953,5.180539786815643
2.049069562019446,3.1392161117659674,4.966380592085358
2.4981709559758505,3.6784387396441565,4.457576402028402
2.2861001021934277,2.970752101143201,4.716772396117449
2.5453641215960183,3.7708719684964134,4.852791078506955
2.6592785096636007,3.8139326444693973,5.066497746441099
2.3224436854704833,3.7976178190924905,4.908344035382037
2.3300630582703485,3.5039496336664473,5.394327574306065
3.204145888487498,3.7831908464431763,5.2723591393894615
3.269967256011544,3.9897283351782598,4.979113336120333
3.3243112095764706,3.4696767366293706,4.829587884247303
2.6811533910887584,3.5318924135631984,4.986374568939209
3.390202396445804,3.486904657248295,4.913846996095446
2.9293347524874136,3.0264771223068236,4.898085988230175
2.6106777371782246,3.5765141419001987,4.376779464029131
2.68937992254893,3.4021173332418715,4.354574272036553
3.130684956908226,3.6005295276641847,4.630942707712
2.9108394384384155,3.5219682852427163,4.6584203243255615
3.0537795888053045,3.597699976884402,4.818675052202665
2.7101632551713424,3.935978399623524,5.165338390129657
2.0669743165825354,3.6007111126726326,5.5661254359616175
1.881617266481573,3.2057185740697953,5.358653824050705
3.222291734483507,4.175917840003967,5.087495242224799
3.057057272820246,3.9645380326679773,4.615282427696955
3.0854355738713193,3.861001329289542,5.048548176757291
2.8153971849065837,4.063753276779538,4.820231729083591
2.7503942229531027,4.381567635706493,5.015325511043722
2.2911240117890492,3.634632131788466,5.089021682739258
2.4320577597006774,3.343665157045637,5.033522592141078
2.463773324376061,3.4541786909103394,5.335270539919535
2.2425414995713666,4.1931295945094185,5.328926199799651
2.7283771421228136,4.0732502199354625,5.109211452802023
3.113402758945118,3.6899898184670343,5.106386574831876
2.583788008400888,2.873694787422816,4.735744407883397
2.365690254502826,2.5833127263820534,4.029781089888679
2.4543680689551612,3.19267886025565,4.039951275695454
3.2084250987231075,3.370556606186761,4.4963760035378595
2.944245113266839,2.2746978097491795,4.574641556209988
3.0312913891040916,3.4234476619296603,4.562839128573736
2.510585023297204,3.4096109980628606,4.5438978293585395
2.8936950895521374,3.440567307038741,4.80139345255765
2.9569837562330474,3.261621520632789,4.735356304110313
2.292395994067192,2.6291774341038296,4.1740171698962945
2.6318452954292297,3.056145063468388,4.083070585360894
2.7514517350630325,3.7825819005022994,4.6741504328591486
2.692411204179128,3.842360746292841,4.875703520827241
2.6296729078659644,3.5091116759512158,4.523699613717886
2.2455179360177784,4.16661308492933,5.0545757710933685
2.95558111595385,4.033125416320913,5.233953707358417
3.090321601761712,4.032000386353695,5.153674022356669
3.1414117748087103,3.8405880500108767,4.915922216602139
3.408134933673974,3.750439739227295,4.725883052746455
2.777157397060604,3.471636652946472,4.924811902500334
2.7577300548553465,3.3508807182312013,4.428607372442881
2.9797008207866122,3.2843292315800983,4.5309548527002335
2.7487061623244258,3.3773996446813856,4.141146813568316
2.3676049153010053,3.1062772141562567,4.009104638099671
2.8347216380967035,3.6035417462840225,4.760690318213569
2.739393366707696,3.489280014327078,4.6244058807690935
1.9798691590627036,3.229091967855181,4.713386384646098
3.124463211406361,3.7123755772908527,4.6076829794681435
2.632490611738629,3.8463116884231567,4.62655488120185
2.900667734005872,3.5587063895331488,4.711534626343671
2.9645025317485514,3.2069914638996124,4.563765735707731
3.2683500316407947,3.6057593491342335,4.3367675807740955
3.288745043855725,3.6794359173093523,4.348229117691517
3.1558925935200284,3.833019183232234,4.401957016724807
2.777030306703904,3.233334912194146,4.413977269331614
3.730711258120007,3.3802988476223415,4.420729348394606
3.666752386879135,3.7571051589080264,4.723540995802198
1.9424949328104655,3.5475335200627645,4.072748572826385
2.4001274168491364,3.2525247812271116,4.5947446674108505
2.8332912506479206,3.1138256887594857,4.420717468968144
2.520781725103205,3.272163050515311,4.144870787858963
2.4184034325859765,2.6726357340812683,3.9650795820987588
2.0664653869775624,2.964756893389153,4.134171374333211
2.0272620085513955,3.840196943283081,4.597430596748988
2.1088931411504745,3.4396875699361167,4.87327844566769
2.344262570142746,3.4741970667472253,4.3453967571258545
2.592149750391642,3.401021049136207,4.462527479444232
2.716243693563673,2.977161806641203,4.022659675280253
2.7794824676080183,3.2680429241874003,4.211255875500766
3.2391710750984424,2.739069299565421,4.333507370065759
3.4087468554576237,3.3319716283253262,4.501954069094999
3.0898992509552925,3.464917499368841,4.592994348569349
2.3395652737882404,2.910717182689243,4.25334468005616
2.7675718201531305,3.272184205906732,4.014532973368962
2.7533578764308584,3.1932912084791396,4.371018693844477
2.55543893178304,2.906877977725787,4.3650330030001125
3.074776983523107,3.4286032286557284,4.720876685984723
2.9826774748888885,3.846653736205328,5.137527055451364
3.2333058552308516,3.5581155798651953,5.161096262209343
2.594081513086955,4.0632163322333135,5.224500453472137
2.782082822296646,3.0790754556655884,4.162115466837981
2.543893844431097,3.3958060012923346,4.407464027404785
3.0546683682335747,3.0796677683080946,3.6749696761369703
2.454241748039539,2.7747915771272447,3.867721748352051
1.9368963691923353,3.151479485299852,4.218799967765808
2.240141208966573,2.9351667794916363,4.1946307376579
2.2923576723445547,2.930075691296504,4.328783790270488
1.9867232995373862,2.97432210615703,4.613366436213255
2.5261144624118916,3.169386547262018,4.16555258417814
2.915811982419756,2.2054309714924205,3.700690305594242
2.337066199753311,3.2134418023957148,4.000645593991355
1.36801069577535,2.9329076131184895,4.19053529103597
2.207132070353537,2.7972572023218327,4.0760717355843745
1.762632561452461,3.1936457460576837,3.962472043254159
2.1123844110048733,2.4909873962402345,3.9426728963851927
2.1116434718881334,3.36819292477199,4.362430997689565
2.7728302809927197,3.2523367339914495,4.656481706734859
2.3202032021113803,3.0897373351183806,4.849073210319915
1.9866818255848355,3.89588037331899,5.5624050652539285
1.9185707285290672,3.0992040531975884,4.567578970591227
2.2012371165411815,3.004706629684993,4.5515645034611225
2.0616454247272378,3.8814468065897625,4.7050029502974615
2.5603110847019015,3.5542096755443473,4.617722741850129
2.4592885997560288,3.3181052101982966,4.594892098903656
2.9397868795709297,3.7513146039211387,4.620864844038373
3.2452459732691445,3.187649631500244,4.361859604164406
3.2306260607459327,3.111182069167113,4.307867153541191
2.7283958064185247,3.288940978050232,4.723856592178345
2.8711103200912476,3.3916803174548678,4.383446978032589
3.289612909158071,3.2670716697519477,4.325280370134296
2.898343981636895,3.4142471896277535,4.449479856491089
2.5824796546589246,3.593263347943624,4.443756903060759
2.3623021238452786,2.98875487276486,4.318301522306034
2.488203736451956,3.341812592564207,4.621305320944105
2.240120449933139,2.6669235825538635,4.1646406953985045
2.82690936868841,2.877207967970106,4.229139991240068
3.2280369826725552,3.081543560538973,4.318975444883108
3.0080320314927533,2.615912050008774,4.210166639751858
2.4844905334514578,2.248142244237842,3.8055295248826346
2.596953343261372,2.5006149879523685,4.089820578694344
2.992621519735881,2.6621603767077127,4.286473618613349
2.2167328886496716,2.075191480772836,4.046094063874129
3.414005574313077,2.8515795787175495,4.297940207250191
3.0252450826840525,2.762461562951406,4.781518245354677
2.6885976141149346,3.328174763255649,4.414235632828992
2.778602578810283,2.6232471466064453,4.665351593494416
3.175884274336008,2.9042031123087955,4.312941797487029
2.2757122137329797,2.701690741947719,4.069517348493848
2.6521777388377066,3.2003205936033647,4.307388837520893
2.43120855036236,3.3128018379211426,4.784760653972626
2.723260447000846,3.2838995887173548,4.549052668432904
2.2843686766094633,3.071120019469942,4.725107049942016
2.2200327634811403,2.993776866367885,4.066598139800035
2.226466988072251,2.7813022100564204,4.009219515654776
1.5728946715593337,2.557985952922276,3.98008231818676
1.8949275228712295,3.195481700556619,4.2414633423089985
2.415775865316391,3.301669549942017,4.089196388920148
2.483794712880899,3.094794491926829,4.282624419321094
2.464715135665167,3.3787645442145213,4.182400349208287
2.30359375296217,2.9068443377812705,4.578870130909814
1.963180669148763,2.9460168050395117,4.55868673324585
1.8066286276548336,3.5542546212673187,4.749141189787123
2.510534644126892,3.084661010539893,4.363475475708643
2.095247495742071,2.9287717667492954,3.541774607323981
1.6379560669263205,2.9571099153586795,3.642424002289772
1.6741958368908276,2.831706897417704,3.452944407860438
1.7693818594728197,2.927974213494195,3.9864736765623094
1.813962631755405,2.9099662568834095,4.0067845153808594
2.363499777657645,2.588359067837397,3.688284680956886
2.24221420387427,2.731439245598657,3.955241536721587
2.364368433480734,3.2547487020492554,4.312612628179883
2.377171734968821,2.5721215861184255,4.3583436655619785
2.6326822485679235,3.077003747766668,4.457957717922184
2.254748307334052,3.127789844166149,4.277599426110585
2.2687202903959487,3.0904933659584968,4.638195666245052
2.651008862715501,2.431989766302563,4.679053034101214
2.659004971002921,2.327124723882386,4.129188296122429
2.711129504622835,3.333190131187439,4.33129791021347
2.357685798948461,2.9880582708300967,4.116158669193585
2.2440234082085744,2.5200860457760945,3.8117134012281895
1.861831308721186,3.1969613333543143,4.130466466858273
1.9693047151421055,2.467586822943254,3.872349379640637
2.592730916630138,2.6789965174414894,4.007776859378026
2.45241948732963,2.2027989195452795,3.175384193404108
2.4948597294943675,2.423913388025193,3.733066940307617
2.0967002998698843,2.3615916669368744,3.8794097950061164
2.875780842520974,2.5845604373349085,4.123750034004751
2.4217925336625843,2.5273100435733795,4.0052063317946445
2.9035716543595,2.783960134555132,4.015503369844877
3.03299523266879,2.973872191255743,4.033430207859386
3.008676146412944,2.9479963183403015,3.6306102126836777
3.699584722518921,3.206043169233534,4.547157964706421
3.5923786651520504,3.120398908191257,4.353014219601949
3.0038011968135834,3.1861467469822276,4.36898239950339
3.210902932918433,2.930731390036789,4.718412309885025
2.5899248933180785,3.2717996881558347,4.922322160393529
3.1327994429703914,3.209167859383992,4.656136758625507
3.372159719467163,3.0997372368971505,4.371435655487908
3.204825496673584,2.7191851105954914,5.050007496939765
3.4555130017982734,3.604334235191345,4.841581946327572
3.4782794614632926,3.0827825546264647,4.548325584392355
3.4322275177520862,3.191233849886692,4.315466336175507
2.8328265318503747,3.1254302316241795,4.355823562826429
2.1147005211223258,2.589851802045649,4.371598229263768
2.204597934809598,2.2555095228281887,3.364469660050941
2.32590979012576,2.777040544010344,3.6680581167146755
3.1424083254554054,2.8948524263170032,4.069448601115834
2.59571043082646,3.020499699645572,4.273899896277322
2.5643655326631336,3.0428843838827953,4.43061089856284
2.557556197498784,2.4745653443866304,3.8021913210550946
1.4259067865518422,2.538096730198179,3.7461114938442526
2.2183251077478583,2.960312336967105,3.8926539926817925
3.19492860023792,2.851617991924286,3.703088707648791
3.0265403726162057,3.0799960512103457,3.884975489897606
2.4066241242668847,2.8233647849824695,3.724250381643122
2.6670453389485678,2.3295716175011227,3.520934781432152
1.8690488295895713,2.917612542708715,3.353488289647632
1.9332224340229245,3.372141122817993,3.955111724989755
1.465861397785145,2.7467933424881528,4.016480043530464
1.982684756460644,2.9581281900405885,3.9987622547149657
2.038827758568984,2.8981010913848877,3.4667123349813314
2.349453389644623,3.0803001390563116,4.047594338287542
2.84682697057724,2.4592138826847076,3.6962578495343528
2.2740586552864466,2.4263636747996014,3.31415000022986
3.0129463002795265,2.9893944131003485,3.6347047170003255
2.744334287715681,3.400650494748896,4.1655508189490345
2.774478816986084,2.8504007628985812,4.261718526482582
2.3621423612941395,2.6413025657335916,3.8123261543235394
2.851261619726817,2.993318541844686,4.177659833431244
2.597856663522266,2.6759982066495076,3.714470773935318
2.7570775801485237,2.837767908970515,3.923629762949767
2.3966719763619557,2.8676934549302766,3.7035971794809615
2.9396976364983454,2.4414511491090822,3.6558624373541937
3.276619272196994,2.568321594686219,3.687025551702462
2.8847772286218754,2.9412310123443604,3.8005309213999827
2.6426207173954355,2.887087379183088,3.729630222568264
2.6537755046572005,2.7729116724087643,3.432610033632635
2.479491212632921,3.2167652368545534,3.6231672704219817
2.441901863945855,3.0625882844130197,3.8738925086127387
2.6481431355843177,3.214596648649736,3.936392302279706
3.7206330650892014,3.3343257500844845,4.379264973946826
3.4338932557539508,2.3900296886761985,4.402620467272672
2.448969329487194,3.499768108791775,4.296103852445429
2.3274485213415965,3.0118318145925347,3.6544793271399163
2.287155116928948,3.006385389301512,3.558377965291341
2.9963291433122423,2.644764550439604,3.591118628638131
3.155857382398663,2.7219807973929813,3.8901682694753013
3.235784011009412,3.0259415467580157,3.890015932229849
3.017657915751139,3.05184543132782,4.046067056201753
2.341059605280558,2.535239632640566,3.4308127090334892
2.8371026304033067,2.7971721389076927,3.6197497974742543
3.417554587125778,2.6133646249771116,4.126015484333038
3.2787459064752627,2.7047656859670366,3.9173878958592048
2.9570614288250607,2.679209852218628,3.9105025778214135
3.42806484301885,2.7180660779659567,3.9867645308502717
3.3773645555580054,2.5083404302597048,3.775096913746425
2.939107494221793,3.0288855602343876,3.8744231975740857
2.6090940475463866,2.966289294945015,3.7080039482612115
2.3125930634411898,2.7672518832342967,3.8195148679343136
2.921612623002794,3.046581451709454,4.05492846598992
3.3203125,3.091517891202654,3.8903151601552963
2.384126808908251,2.3808332681655884,3.4517965899573433
2.1097304647619075,2.0140586190753513,3.3868163563988425
2.366495129797194,2.510019392437405,3.5853233623504637
3.1964959610592234,2.3683426711294384,3.854700995816125
3.0279644149722476,2.7957764033115273,3.8408135109477572
2.536712212032742,2.9965632217270985,3.860006883740425
3.142798410994666,3.035430418361317,4.23339501565153
2.809202058447732,3.0432252103632145,4.5723703003892995
2.863391338250576,2.6765799862997874,4.790032832177131
3.095478148171396,3.211445323058537,4.3680104811986284
3.5646631732965126,3.3202972525642034,4.301285615334144
3.278106548569419,3.3323794047037762,4.1384018226103345
3.4552861054738364,2.948612058162689,4.131460083855523
3.1435377384935106,3.0756517714924283,4.21805140376091
2.328905231422848,2.74159004007067,4.170003437333637
2.323293785615401,2.991539727316962,4.073439489711415
3.471532106399536,2.9094338906116977,4.204239861578004
3.385462412328431,2.8523770613329753,3.6806063602368035
3.003297814956078,3.0686026573181153,3.8202992109151985
2.9366992625323207,3.276329027281867,3.9356739195910366
2.7565965013844624,2.8781597079599606,4.0636873262770035
2.7689468728171454,2.4082170639719283,4.069585058424208
2.414828616922552,3.077502273377918,3.702927589416504
2.099078391727648,2.8366268277168274,3.524167869641231
2.263882155804073,2.857855296134949,3.5843524063334744
2.5753108859062195,3.314379562271966,3.5472481489181518
2.818095085734413,3.0058278923942927,4.021718299956548
2.447679488947897,2.5654619958665634,3.2212053656578066
2.454348314892162,2.86871200799942,3.725627559202689
2.833393058322725,2.5301165038889106,3.9536880536512897
2.9412181558031025,2.790714422861735,4.365982996092902
3.3358775244818792,2.94767446084456,4.320779026638378
2.8566367626190186,2.348942261272007,3.724474197626114
2.9644037015510327,2.4327933159139423,3.2048429626005666
2.4635132306661363,1.6103784640630086,2.736182456488138
2.629773782359229,2.6190790134471853,3.17053875279805
2.978935601494529,2.580348090692,3.547320306301117
2.8061557977627487,3.01276718378067,3.6210995499904337
2.751779774824778,3.0536081857151456,4.144159736456694
2.588380217552185,2.887356833978133,4.078716188669205
2.3457713495601307,2.6010979251428084,3.867139129927664
2.640253331926134,2.6365459573035146,3.805411998430888
2.4998632119252133,2.423020707838463,3.6905497939158707
2.790768305460612,2.663935041689611,3.351402303394006
2.912853565480974,2.6415998458862306,3.579716351297167
2.8654062354957666,2.648009623800005,3.6794302506106242
2.6050788901068946,3.1230632781982424,3.8744660037936587
2.7382067112695605,2.9636546383301416,3.914561319351196
2.4782613549913677,2.9268109798431396,4.330119313134087
2.6801511475018094,2.891149875852797,3.854483297467232
3.284243187734059,3.1037953134739036,4.05180349200964
3.984881442981762,3.258986958590421,4.325768961534871
3.964531437555949,3.512675556482053,4.72981216289379
3.394801520940029,3.2103035124865444,4.377789237282493
3.685766483401204,2.837359133220854,4.09080079623631
3.347099968881318,2.7239310999711353,3.529903668910265
3.0474789521910925,2.94119423911685,3.442184777486892
3.0554491616131965,2.922957244786349,3.692607994855306
2.6877226251544375,2.506778947512309,3.3918937510914273
2.813764610073783,2.742184760353782,3.759750378854347
2.873292088508606,2.8119167221917047,3.337045851775578
2.9886878695752888,2.8996580839157104,3.6009355723255814
2.8383885833952163,3.353306668145316,4.293389314413071
2.2721356336887064,2.9343614790174697,4.20855644260134
2.7025677019899543,2.093223770459493,4.471110592285792
3.219741454991427,2.5954111073956345,4.241102453434106
2.9373022773049096,2.2908102364251106,3.9083424084114307
2.733070197701454,2.6875050761482933,4.072124730456959
2.5147118965784707,1.968689375453525,3.5919691927639055
2.2890839937961465,2.623903738368641,3.5082877043521767
2.6835892370768955,2.827650911278195,4.0861761948419
2.755337585102428,2.815315347729307,4.30866628704649
2.2415533282540063,2.1847336292266846,3.969681211312612
2.824789357185364,2.7532334501093083,4.738077534131767
3.0683094951841565,2.5374424287251065,4.457261453356062
2.776299910885947,2.767388152224677,3.9883695766329765
2.218925281977042,2.686288110415141,3.8205384627366676
2.6176137924194336,2.904821288585663,3.7376987370577726
2.6732801459052347,3.042233057455583,4.296465042208837
3.629829782909817,3.1576839967207477,4.228445915742354
3.545135032046925,3.3344867740358626,4.139339191218217
3.3889508751722484,3.414016063724245,3.861032788570111
3.40093609419736,2.6950609419080944,3.868176900256764
2.141759673754374,3.2759464151329465,4.099342637591892
2.5638526413175793,3.155214949087663,3.961794386006365
2.5239552901341367,2.9082304901546903,3.853993637745197
2.3968509350504195,2.9581213940630904,3.788071545107024
2.324450245770541,2.690862985757681,3.835250512346045
2.778378333364214,1.9794717970348539,3.307831104312624
2.5135864248642554,2.7130011263347806,3.2222585940099027
2.2810439595154355,2.664307039517623,3.1009574165711036
2.2840098371872535,2.991570727030436,3.502595375745724
2.8234890699386597,2.4357889546288383,3.422686165571213
3.1874801086054907,3.2308837465750866,3.8772198073884363
2.767614079244209,2.910594724691831,3.8434639313282113
2.1554149562662297,2.463962952295939,3.867306304700447
2.802596664428711,3.115974764029185,4.264683842658997
2.5792646010716758,2.900867131021288,4.073189470503065
3.628362479805946,2.7501320865419174,4.245970569550991
3.4827783360625757,2.7994555135567984,4.3553084466192455
2.7189964396612987,2.80162969657353,4.225785116354625
2.9052130520998776,2.9694403171539308,4.149645073073251
2.8110023710462784,2.645782940917545,3.487198191218906
2.6436854037609727,2.205143013061621,3.865900376340845
2.0066916162317447,2.4608892533514233,3.579991396027382
2.049584484100342,2.0708499843424018,3.60260289365595
2.1809330327170238,2.186925531961979,3.036882603397736
2.185378180609809,3.0429066809740934,3.576275290142406
1.843756662715565,2.4691661632422246,3.223736636566393
2.3258503653786398,3.0102556853583367,3.4412742871226687
2.7404104577170476,3.256406625111898,4.067849953969319
3.305493328684852,3.2512193573845756,4.168792020479838
3.1147159231014743,3.3812816359780054,4.423833316856331
2.9622606065538193,2.95997154712677,3.900898483821324
2.687166690826416,2.6466497012547086,3.619786310763586
2.3006544676694003,2.1436353070395335,2.9205697625875473
2.775309764287051,2.7721929568232913,3.374579586234747
2.5541429349354337,2.6486145602332223,3.3925979524850844
2.6060930884936275,2.416182373251234,3.4848594647996567
2.1367063002152875,2.605993310610453,3.811113664598176
2.2999517997105916,2.6144790175633554,3.453083550013029
2.583883606062995,2.5574442545572915,3.4115398993858923
2.359274583392673,2.792752718925476,3.8438662099838257
2.862226708730062,2.88239135091955,4.296400317278775
3.231284915076362,2.9949298196368748,4.17263338804245
2.8691976732677884,3.2011535576411654,4.02751296043396
2.190700380007426,2.6952850739161174,4.11962095896403
2.53730591210452,2.7654664629981633,3.87130509413682
3.333057175983082,2.8739128510157266,4.36354927221934
4.029784507221645,2.704641013675266,4.352284381124709
3.7343139323321255,3.266226304901971,4.389908792996647
2.8864417208565607,3.13333127725692,3.9730470895767214
2.976902607509068,2.261779134614127,3.481822551091512
2.9404853071485246,2.482944715590704,3.2016352521521703
3.2479183673858643,2.4300168997202163,3.452003885816027
3.230716268221537,2.3360569391931807,3.839683541884789
3.3334670066833496,2.8661796351273856,3.8446838094128504
2.8203973049645894,2.777743743525611,3.9635320182830567
3.408811483118269,3.2615726391474404,4.391659050076096
3.0159289858557963,2.5138660616344874,4.142256520011208
2.8857526116900973,2.093728353579839,3.849874160907887
1.9899508266737966,3.1967733599922874,3.8361823865861604
2.697952381769816,2.726447177655769,3.585400692621867
2.453828351064162,2.486023020744324,3.587899954030008
2.4571756468878854,2.9502947092056275,3.768593313694
2.574467202027639,2.418363330099318,3.68464732170105
1.9741250707043543,1.9574902000881376,3.4652092608194502
1.6361698283089532,2.307283125983344,3.0321335196495056
2.0188297293402933,2.7829939842224123,3.2185015895149927
2.134505534172058,2.3706067617122946,3.538873709165133
2.726747032367822,2.9824947151872845,3.74244565654684
2.7853275452341353,3.014374057451884,3.844828349351883
2.8295963048934936,2.901345825556553,4.210011813375685
2.8431073506673177,3.6667919939214535,4.743650603294372
3.219834799116308,3.0072861398969377,4.6763483583927155
3.784830581574213,3.904197143183814,4.795507431030273
3.1687396932870913,2.6458002158573697,4.00302807184366
2.186550071504381,2.9774940053185266,3.643190014362335
1.845657166507509,2.7780235537460873,3.555482808086607
2.6313436338130165,2.899525131119622,3.765645712964675
2.969926439391242,2.669877303730358,3.860040294040333
2.4206244880502874,3.027424218076648,3.863589908137466
2.007224855820338,2.3509684844450516,3.356838193806735
2.3466498960148203,1.9164170185724894,3.7939920858903364
1.7961017741097345,2.6379113031758203,3.511375085512797
2.5471337086115127,2.40554272211515,3.41943667908392
2.6033496691120996,3.0979740222295127,3.520049666601514
2.0247706869146325,2.5515958720987495,3.809821244958159
2.525705827607049,2.487036065922843,3.5019423284648377
2.7925698811357673,2.704353932823454,3.5599285451074443
2.565683659911156,2.3921111583709718,3.480560280382633
2.353321592013041,2.3189331130547957,3.5730594396591187
2.2464136209558037,2.6158604392638574,3.3119631903203905
2.7323335698156646,2.5118591370004597,3.6765822536415524
2.395395697487725,2.1157854600386186,3.69754291230982
2.919013036148889,1.853619715997151,3.5194384269416332
2.4215365727742513,2.7943290869394937,3.647727036476135
1.7396318558808213,2.3332636780209013,3.4283861807414464
3.1738616795766923,2.5009610928021946,3.6483858889275855
3.3146059079603716,2.7238999548412504,3.7184546210549096
1.3446008265018463,2.4056147893269855,3.1908938561876616
1.8647738496462505,2.789481716685825,3.771633783976237
1.5262173785103692,2.7524885643612254,3.21808082262675
1.7726724711331454,2.678943298079751,3.248800557506971
2.008472222752041,2.2774359725770497,2.7379361731665477
1.5172987266020341,2.177412165535821,2.9292593132365834
1.8141334083345202,2.0844296444030035,2.869281463963645
2.715313353321769,2.9934429952076504,3.620810776286655
3.899315289088658,2.8664719263712564,4.121090045342078
2.494735429684321,2.384735663731893,3.6686354875564575
2.1714776721265583,2.7699803511301675,4.039877388212416
2.8000869599255647,3.1666627585232914,3.8759288106645857
3.044755913994529,3.005384518040551,3.929693325601443
2.39301843728338,3.2945642140176563,4.35207340783543
2.6510390187754775,3.4168083667755127,4.283959629359068
2.083293391125543,2.6550836667909725,4.025364799158914
2.106853436339985,2.1951936642328898,3.0211862292554645
1.5630723975953602,2.4926438266580755,2.9612516335078647
1.7721891436311934,2.0611203483172824,2.9140847855144076
2.0589212622397985,2.9339011907577515,3.201830802819668
2.9095506403181286,1.8700407529488587,3.1710827503448877
2.5635367181566027,2.0880464769545055,3.112141738619123
1.8763328086246143,2.2949961402199484,2.917238016923269
2.3696984336489724,2.520992765059838,3.0051882345597822
2.430583961804708,2.8958668325628554,3.448099525272846
1.9744223264547496,2.3846294316378507,3.517925548863101
2.170830780114883,2.526707101951946,3.5865666346672254
2.05127461041723,2.6829782485961915,3.2778973639011384
1.702639611867758,2.9196358964993405,3.5241050155910516
2.2392526474866,2.3295925724637376,2.9305366308658156
1.7291194167402055,2.254735278231757,2.898597949080997
2.3770039450038563,2.864111910925971,3.4417978113347836
2.7926409750273735,2.696838545799255,3.9064611575820227
2.8574058275956373,3.0284809238380856,4.132885736132425
3.0207918924944743,3.7355312506357827,4.22792935040262
2.6531103240119087,3.4530267462585913,4.355304006735484
3.261722451601273,3.2359281885318265,4.688414291517269
2.5428588125440807,3.1253414068903242,4.706716259320577
2.7606266265387065,3.3710604310035706,4.512080111200848
2.692762426896529,2.896739942377264,3.7390458288271566
2.8858280127698723,2.5372073584132724,3.730339882550416
2.693358704778883,2.6730609238147736,3.7809530287981032
2.6023807922999063,2.83625553521243,3.5620151595635847
1.9059712496670809,2.3632786340183682,4.117471750336464
2.1745056202917388,2.494655172030131,3.55403895676136
1.633926645192233,1.6837523672315808,3.101232123374939
2.346396138451316,2.737362207306756,3.7762193939902566
2.1757591830359564,2.604593602816264,3.661679036617279
1.725365942174738,2.2787498076756796,3.5298466649320392
2.5723257715051826,2.2807028346591527,3.7398938937620683
2.1104440652962886,2.8279299302534624,3.9553994608647898
1.8487634824381933,2.589170887735155,3.430072315533956
2.484317251614162,2.5849614673190646,3.394243001937866
2.519525604115592,2.0689611236254373,2.7662615058598696
2.3051846959374167,2.1322001133646284,3.44096533276818
2.5245839610244287,2.570191810347817,3.6254925854278333
3.3030711564150725,2.399345815181732,3.7427725743765783
2.692285593350728,2.2470268734863827,3.406198027729988
2.4413685454262626,2.7038613292906017,3.721690883636475
