within 1,within 0,between,Accuracy
3.671314776598752,3.8921548693608017,5.152824069117452,0.04910000041127205
3.622260028665716,4.809346071311405,6.3249503920475645,0.15080000460147858
4.062384169835311,4.701242199310889,6.388880512418126,0.15600000321865082
3.7876627246538797,3.500480580329895,5.962360448103684,0.13590000569820404
3.9706484171060414,4.533461210944436,6.5641735157409276,0.15039999783039093
3.812264763391935,5.017420904976981,6.076118684731997,0.16459999978542328
4.2101538636467675,4.411921817606146,5.746911919806615,0.241799995303154
3.9879428957189833,4.739833392037285,6.154818588495255,0.3815000057220459
3.7696201034954617,4.785080713885171,5.91870553791523,0.4311999976634979
3.848814113934835,4.156160847345988,5.369575080871582,0.4465999901294708
3.8112029155095417,5.3755802602478955,6.536225418249766,0.4404999911785126
4.128751574863087,4.675839918000357,5.729804477908394,0.45750001072883606
3.105932105671276,4.898979663848877,5.132956244728782,0.5069000124931335
3.1705429497219266,4.509784831450536,5.446290870289226,0.5552999973297119
3.489092213457281,4.397097604615348,5.541886633092707,0.5837000012397766
3.61458962729999,4.727253553602431,6.062107008695603,0.6148999929428101
3.2942165516235016,4.574800352255504,6.190882107568165,0.6470999717712402
3.122273394039699,4.011262367933225,6.4812331933241625,0.6685000061988831
3.3568214813868207,4.197570332459041,6.525466978549957,0.6870999932289124
2.9981073226247514,4.280297405069525,5.717301336201754,0.6992999911308289
3.4812470806969538,4.392931231430599,5.739866924285889,0.7085999846458435
2.8989059584481374,4.503856023152669,5.9509232743581135,0.715499997138977
2.153414309024811,4.257394438698178,5.7208947113582065,0.7283999919891357
3.282792258262634,4.53243629137675,6.143127681590893,0.7436000108718872
3.6149235223278855,4.14020350906584,5.832076063862553,0.7526999711990356
2.7627396914694042,4.226813822002201,5.7377456823984785,0.7559999823570251
2.941492756207784,4.188333988189697,5.878722786903381,0.7613000273704529
2.7765629907230753,4.830482986238268,5.861640799613226,0.7670000195503235
2.9972968874396857,4.4028572949496185,5.837134231220592,0.7705000042915344
3.2459028653609447,4.347565550274319,5.721862633411701,0.7678999900817871
3.894821144285656,4.5489554272757635,5.570760431743803,0.7692000269889832
3.129826935854825,4.361619832780626,5.864394748210907,0.7738000154495239
2.641768154643831,3.378924697637558,5.084324458288768,0.7828999757766724
3.25398407199166,4.329274535179138,5.558588596305462,0.7972000241279602
3.1324565819331576,4.575950354999966,5.345654403368632,0.7994999885559082
3.232817059908158,4.071741496192084,6.1727710540478045,0.8043000102043152
3.123953914642334,4.340162349469734,6.018918308946821,0.8068000078201294
2.6502684246410024,4.1711925930447045,5.967755784892073,0.810699999332428
2.8069093389944597,4.033763821919759,6.010919527212779,0.816100001335144
3.0768053163181652,4.463828277587891,5.8504586075291485,0.8213000297546387
3.4900411349354368,3.6941472126377954,5.641108905827558,0.8260999917984009
2.948782053589821,4.035587906837463,5.119688192382455,0.8274999856948853
2.795057305267879,4.171816905339559,5.696880987057319,0.8296999931335449
2.4958560296467374,4.357021392475475,5.495751328282542,0.8291000127792358
3.015188773473104,4.417712765080588,5.823806368387663,0.828499972820282
3.4080191988211412,4.1716458949175745,6.070408627703474,0.8324000239372253
3.2473094728257923,3.8930897040800616,6.067036638356218,0.8348000049591064
2.512637277444204,4.83053151477467,5.645680743636507,0.8364999890327454
1.974390423960156,3.871947629111154,5.745444453424877,0.8398000001907349
2.996549568050786,4.285555993186103,5.585334249734879,0.8371999859809875
2.8972784172404897,4.311682061715559,5.779252615841952,0.8338000178337097
3.147445670041171,4.370663593976926,5.829005984993247,0.8363000154495239
2.8325986168601296,4.372339015478616,5.572509205186522,0.8417999744415283
2.94692457148007,4.161698038761433,5.6928199758896465,0.847599983215332
2.440666264957852,4.079061216778225,5.411073098182678,0.849399983882904
2.9836100599982522,4.167384523815579,5.950971399654041,0.8438000082969666
2.8095975175048364,4.380716625849406,5.839686267077923,0.8317000269889832
2.8221268502148713,3.6774667263031007,4.767422611063177,0.8252000212669373
3.290754572911696,4.126927267180549,5.604571376244227,0.8263999819755554
3.0401863314888695,4.428999172316657,5.241701085158069,0.8309999704360962
2.987170592221347,4.46958730618159,5.7821536449470905,0.8325999975204468
3.0398224194844565,3.4395148243222917,6.36641477228521,0.8381999731063843
3.132701128179377,4.056610345840454,5.324867338329167,0.8406000137329102
3.054947192018682,3.9283695282080235,5.583266351467524,0.8410000205039978
2.930325349894437,5.145389305461537,5.7305066408204635,0.8342999815940857
3.082794926383279,4.610285520553589,5.818475514650345,0.8349999785423279
2.4848499579863117,3.8287599427359447,5.604274712599717,0.8364999890327454
3.20191771514488,4.543486705332091,5.91950750682089,0.8414000272750854
3.527725593911277,4.659094044140407,5.245723257462184,0.8454999923706055
3.001541428132491,3.8539811988453287,5.550494878323047,0.8493000268936157
3.2082189871714664,4.277816581003593,6.0721081250753155,0.8578000068664551
3.16543919209278,4.37275062666999,5.80694962143898,0.8644999861717224
3.136149363858359,4.4767443233066135,5.411315581202507,0.8622000217437744
2.9206861091984644,4.652632449612473,5.918608480029636,0.8529000282287598
3.2944392561912537,4.528787771860759,5.492673359811306,0.843500018119812
3.1032135364336844,4.19877302646637,5.041220375615308,0.842199981212616
3.3551955643154328,4.246568739414215,5.554002670447032,0.8501999974250793
3.341049242019653,4.480957383201236,5.902878333995869,0.8618000149726868
3.280711778004964,4.356658244744326,5.800135160103823,0.8695999979972839
2.9355300691392685,4.166613908914419,5.6449497351279625,0.8644999861717224
3.421978332779624,4.258787980446448,5.813628080007914,0.8586000204086304
3.2836845852079843,4.203361022166717,5.532485563327104,0.8482999801635742
3.327404280503591,4.458535186537019,5.851497867750743,0.8410000205039978
3.2779981620383984,3.862741221081127,5.27035469479031,0.8413000106811523
3.282554198534061,4.6448027690251665,5.3477351161149835,0.8518999814987183
2.717987737201509,3.623184260867891,5.12777347337632,0.8600999712944031
3.436948881004796,3.9636107683181763,6.106194798151652,0.866599977016449
3.3566444303308214,4.406225249880836,5.917504395757403,0.8707000017166138
3.057731651597553,4.2369663975455545,5.686758474870161,0.8744000196456909
3.263127687649849,4.30455436706543,6.257555341720581,0.8744999766349792
3.022439980506897,3.9465798912467536,5.695202830859593,0.866100013256073
2.342323019649043,4.237776904635959,6.108636816342671,0.8540999889373779
2.908668024973436,4.2470408413145275,5.64702026490812,0.84579998254776
3.271011490292019,4.949530124664307,6.149435911178589,0.8396999835968018
3.266805876625909,4.809657576816534,6.001646194193098,0.8432000279426575
2.9412272063168614,4.709895292917888,5.9970853050033766,0.852400004863739
2.9650437994436785,4.3473166624705,5.74791921377182,0.8626000285148621
2.8557687918345134,4.408130205038822,5.990752339363098,0.8673999905586243
3.278263727823893,4.077502582317743,6.114070085378794,0.8637999892234802
3.1901183796651438,4.897159453594323,6.068775165412161,0.8557999730110168
3.036595179817893,4.403901518715752,5.755938217856667,0.8486999869346619
3.398455580075582,4.741587404771285,5.847795439766837,0.8490999937057495
3.1484641234079995,4.141793444043114,5.39644331269794,0.8529000282287598
3.1934487584865456,4.2969290018081665,6.384105838007397,0.8529000282287598
3.1695322030120425,3.9665104831968034,6.085488551192814,0.8373000025749207
3.3109952990825358,4.23058334324095,6.052770406771929,0.8223999738693237
3.381578951091557,4.5046035607655845,6.516983259291876,0.8137999773025513
3.3016419410705566,4.654459323201861,6.027432405948639,0.8050000071525574
3.2027030999843893,4.254887157016331,6.033380483969664,0.8011000156402588
3.3969426658418445,4.967809127436744,5.783695840835572,0.8098999857902527
3.1833173795179888,4.340709928671519,5.969600970546405,0.8371999859809875
3.2709323167800903,4.78361565726144,6.0527652520982045,0.8664000034332275
3.313761923827377,4.886754393577576,6.182064392500454,0.8858000040054321
3.085129453585698,4.522215056419372,5.523277127659404,0.8858000040054321
2.818092531628079,4.50482930455889,5.800334321127997,0.8666999936103821
3.474189084587675,4.628717986020175,5.973680747879876,0.8490999937057495
3.2458983725243873,4.51581579988653,5.601857349986122,0.8500999808311462
3.5345925859042575,4.1770050489541255,5.836504131555557,0.8596000075340271
2.7692584139960155,4.580654753579034,5.493400874733925,0.8675000071525574
3.022904200686349,4.57349334341107,5.496869250580117,0.8687999844551086
3.2365599383007395,3.6403632481892902,5.951669335365295,0.8648999929428101
3.6321335489099678,4.553530315776448,5.927665121498562,0.8597999811172485
3.0484840763939753,4.489151452268873,5.4418209254741665,0.8593000173568726
3.7071670571962994,4.386566786332564,5.367193598638881,0.8719000220298767
3.4344218413035077,5.09250610669454,5.960466472307841,0.8837000131607056
3.5408880684110855,4.494250966952397,6.057982397079468,0.890999972820282
3.341958329894326,4.489557279240001,6.104375202793721,0.8881999850273132
2.6057033556880373,4.54635539560607,6.232981810967128,0.878000020980835
2.6372702902013607,4.039056369236538,6.055994188630736,0.8646000027656555
3.2127659883764057,4.460180640220642,5.417513995700412,0.8478000164031982
3.658843846548171,4.7891434953326275,5.624845261800857,0.8500999808311462
3.5464559350258265,4.803738723198573,6.093948038215311,0.864799976348877
3.9189157070535603,4.292867258616856,6.3137700451744925,0.8805999755859375
3.8801021532578903,4.939137160778046,5.878696295348081,0.8862000107765198
3.8721722108977183,4.024242417017619,6.594501954317093,0.8871999979019165
2.9945709827618723,4.166881433555058,6.305005843822773,0.8844000101089478
3.319202515057155,3.9687057733535767,6.639388306935628,0.8777999877929688
3.035074869069186,4.357455259714371,6.209949009901994,0.871399998664856
3.298523724079132,4.673922452472505,6.271379566192627,0.8672999739646912
3.7459746079011396,4.718042876985338,6.260422957063925,0.8712000250816345
3.319683105656595,4.237427009476556,6.480782438207556,0.8797000050544739
2.9533458517657385,3.8808957500891252,6.306962993409899,0.8867999911308289
2.9714669205925683,4.600677311420441,6.05193782936443,0.8968999981880188
3.6403245755604337,4.414808419015673,6.192221440966168,0.8999000191688538
3.2327249944210052,4.420727083418105,6.707638369666205,0.9032999873161316
3.019503925785874,4.865654341379801,6.483522442976634,0.9003000259399414
3.2708282272020974,4.049979527791341,6.120418283674452,0.8942999839782715
3.7167650169796413,3.972480052167719,5.936077499389649,0.8950999975204468
3.4976806968123046,4.49623982111613,6.457790895384186,0.8932999968528748
3.3474878160392536,3.8932869008609226,6.224389763439403,0.8898000121116638
3.193069040775299,4.381759124142783,6.089310123370244,0.886900007724762
3.7187886281446976,4.970221710729075,6.51777610531101,0.8863000273704529
3.191600018586868,4.746952352069673,6.554210531842577,0.8902000188827515
3.4720278137769456,4.756885005368127,6.317002618414724,0.8949000239372253
2.8820949097474418,5.098915542875018,6.613479508294,0.8991000056266785
3.5959978555188035,4.648354362039005,6.647120868458467,0.9021000266075134
3.3566906637615626,4.722165273897575,6.701499795913696,0.9014999866485596
3.8081399115649135,5.279370803099412,6.386868463529574,0.9009000062942505
3.9339608802939905,4.5414369106292725,6.491986707846324,0.8971999883651733
3.518117212987208,4.8253265836022114,6.564808056468055,0.8944000005722046
3.3669490019480386,4.931687434514363,5.865511687596639,0.8927000164985657
3.2836063589368547,4.863549386130439,6.372186064720154,0.8981000185012817
3.420561216728032,4.613977151257651,5.936207680325759,0.8988000154495239
3.0658860989979337,4.301017072465685,5.950986868540446,0.9002000093460083
3.3190629184246063,4.616228808056224,6.632418857680427,0.9035000205039978
3.194429314798779,4.390153415275343,6.523922549353705,0.8995000123977661
2.676999516714187,4.4049930317061285,6.521009564399719,0.8963000178337097
3.6499455777081575,4.8159907499949135,6.392976681391398,0.8992999792098999
2.7905807495117188,5.346829652786255,6.184238783518473,0.9036999940872192
3.2664119986926807,4.798667318291134,6.021905129251916,0.9075000286102295
3.630554665357639,4.645360555913713,6.357436237172184,0.9074000120162964
3.4772721343570288,4.834730446338654,6.5840012709299724,0.904699981212616
3.6169654148997683,5.258258266108377,6.273816843827565,0.8999999761581421
3.403013206663586,5.220777248724913,6.2418292590550015,0.8986999988555908
3.0559557014041476,4.787576489978367,6.862947172588772,0.8949999809265137
4.070769747098287,4.929764281378852,6.755786090426975,0.8960000276565552
3.893868388710441,5.422081172466278,6.445877268910408,0.8939999938011169
3.5244615104463364,4.4173528565300835,5.509329347610474,0.8942999839782715
3.0775369981924694,4.4830180406570435,6.0390902876853945,0.8942000269889832
3.4943506717681885,4.580722775724199,5.962279867242883,0.8981000185012817
3.336013663898815,4.669666809695108,6.174879106608304,0.9034000039100647
3.305295391516252,4.338086161348555,6.058716475361526,0.909500002861023
3.3035194415312548,4.366545016115362,6.320894797643025,0.9136999845504761
2.421110548756339,4.868661880493164,5.571058422327042,0.9150999784469604
2.7457844068606696,4.517246166865031,6.23097840613789,0.9153000116348267
3.0554801921049752,4.908003507516323,6.588019216162527,0.9089000225067139
3.2929195404052733,4.862141915730068,6.54947566986084,0.9077000021934509
3.013575373755561,4.756790536822694,6.604510052998861,0.9088000059127808
3.513366581815662,4.92472450949929,6.713446331746651,0.9139999747276306
3.656985149239049,4.5419116616249084,6.823748999171787,0.9142000079154968
3.869030475616455,4.777431212938749,6.291980877518654,0.9108999967575073
4.051544989600326,4.688394559513439,6.497656247832558,0.907800018787384
3.1502817041344113,4.147741225030687,6.531059588915036,0.9074000120162964
3.387086662981245,4.77218805040632,6.555459923214382,0.9054999947547913
3.3877420136422822,4.168836286332872,6.5675671378771465,0.9074000120162964
2.856504620446099,4.189924515210665,5.779163283568162,0.9125999808311462
3.2380961729929996,4.66966739134355,6.2498352434728055,0.9132999777793884
3.248495760830966,4.512049883887881,6.502566039923465,0.9125000238418579
2.96290253942663,3.882847592686162,6.616281487724998,0.9103999733924866
3.0096885045369466,4.433202880801576,6.409396998087565,0.9086999893188477
3.3525279275663604,3.846454756600516,6.162597588130406,0.906499981880188
3.4118699637326326,3.8869511816236706,6.755417101310961,0.9064000248908997
3.7240383625030518,4.705163810934339,6.384354600310326,0.9090999960899353
3.654901530498113,4.660329235924615,6.590367779364953,0.911899983882904
3.037746885087755,4.618230575985379,5.868653178215027,0.9108999967575073
3.1255032221476235,4.354656974474589,5.877724329630534,0.909500002861023
3.7431260961474795,4.283303584807959,6.291295497845381,0.9067999720573425
3.8048752546310425,4.014401546546391,6.268406704068184,0.9032999873161316
3.5340434514988237,5.007178271900524,6.559699868471428,0.8970000147819519
3.6881177061133914,4.693167560750788,6.558968568089033,0.8902000188827515
3.337310912844899,4.747074140442742,6.6923727705365135,0.890999972820282
2.8992728100882634,4.12023180325826,7.2515040874481205,0.8967000246047974
3.5022800799572105,4.231522525440563,6.897760405684963,0.9010000228881836
3.0366689960161843,4.493075010993264,6.6459592436299175,0.9060999751091003
3.2414685828345164,4.682383823394775,6.761484330041068,0.9071000218391418
3.224116031612669,4.647882863453456,6.797246174017588,0.9072999954223633
3.8407891856299505,4.540697778354992,6.385232857983522,0.9071999788284302
3.4096557661727234,4.625566625595093,6.606518274777896,0.9071999788284302
2.760208841827181,4.669545380274455,6.591736714045207,0.9085000157356262
3.159392166137695,4.217511115755354,6.259850976732042,0.9126999974250793
3.1348186263016293,4.294334075280598,6.717438817024231,0.9140999913215637
3.0573527668461655,4.4657618522644045,6.695285426245795,0.9157000184059143
3.366602750051589,4.789273977279663,6.663744543934916,0.916100025177002
3.5206471231248644,4.596645021438599,6.552340669631958,0.9158999919891357
3.6263138121301,4.720699447574037,6.328517218430837,0.9139000177383423
4.104344381226434,4.514314635594686,6.141474326451619,0.9154000282287598
3.6209870316765524,4.692814255372072,6.331344274374155,0.9135000109672546
3.4517998695373535,4.491228285702792,6.853303415125066,0.9088000059127808
3.6367589910825093,5.027606275346544,6.503400379419327,0.906000018119812
3.8115740882025824,5.008683620799672,6.682740534194792,0.9023000001907349
3.9437649382485285,4.802600134743584,6.313201417922974,0.8998000025749207
3.2956371459093963,5.302640014224583,6.84612344973015,0.90420001745224
3.412568924191234,4.364146249634879,6.82572329895837,0.9110000133514404
3.5760545822290273,4.123600399855412,6.8889751973606295,0.9157000184059143
3.1132674824107776,4.719384622573853,6.788339935649525,0.9204000234603882
3.607877167788419,4.549385049608019,6.67093845280734,0.9239000082015991
4.096017015831811,5.01413346188409,6.591938562691212,0.9208999872207642
3.6001330050555143,5.008152862389882,6.767262198708274,0.9178000092506409
3.5352239451565586,4.6928445028536245,6.434003625597272,0.9142000079154968
3.5255621021444146,4.248743551118033,6.252070138851802,0.9133999943733215
3.9774565185819353,4.377503113614188,6.144280360804664,0.9156000018119812
3.0754821545038467,3.907490469160534,6.3194112830109646,0.9200999736785889
3.5323742606423116,4.786743625005086,6.064247073549213,0.9223999977111816
3.9101873300014396,4.301165988951018,6.599686503410339,0.9215999841690063
3.9016827648336236,4.755627850691478,6.732073649011477,0.9168000221252441
2.9645037055015564,4.8913154125213625,6.838428437709808,0.9146000146865845
4.104518934702262,4.546141247172932,6.3954993316105435,0.9115999937057495
3.4671770370367803,4.426193509783063,5.5317808872177485,0.9147999882698059
3.405553843730535,4.837610614168775,6.49419167801574,0.9190000295639038
3.6370195207141696,4.1868648784501215,6.982630495230357,0.9100000262260437
3.6172909996448417,4.993463635444641,6.4931087371630545,0.9067000150680542
3.3907390488518607,4.718514025211334,6.795311844348907,0.9074000120162964
3.397657177665017,4.686377741041637,6.871746292361966,0.9104999899864197
3.442525905190092,4.128449194359057,6.561257561047872,0.9190000295639038
3.1753269503513972,4.12487838949476,6.39101055637002,0.9229000210762024
3.56300958527459,4.819609011922564,6.598384994268417,0.9240999817848206
3.3060532552855357,4.867795976003011,6.694029361009598,0.9248999953269958
3.6542993860635145,4.504037423567339,6.633919063367341,0.9239000082015991
3.2500915799822128,4.638269719623384,5.890945856911795,0.9240999817848206
3.490749079169649,4.684263092098814,6.414006759723027,0.9236999750137329
3.2701052692201404,4.387014435397254,6.634487432903714,0.9226999878883362
3.1095170699633083,4.587679114606646,6.585664092984974,0.9221000075340271
3.3781621403164332,4.752850940733245,6.630337206522624,0.9230999946594238
3.729559029851641,5.014579083702781,6.153171644582377,0.9217000007629395
3.505343023935954,4.695767326014383,6.691432001069188,0.920799970626831
3.5863191069978657,4.2824801762898765,6.957723796367645,0.9240000247955322
3.615894432578768,4.866827159457737,6.625440233945847,0.9229999780654907
3.022629470295376,4.109170251422459,6.584482116699219,0.9232000112533569
3.5036354178474065,3.8728524910079107,6.679023704831562,0.9226999878883362
3.354912793636322,4.2053825344358176,7.006624303758144,0.9214000105857849
3.382477104008853,4.858602272139655,6.510423611080836,0.920799970626831
2.9938629733191595,4.08152038710458,6.664427212306431,0.9189000129699707
3.0914943661445227,4.689090329950506,6.764853714229344,0.9165999889373779
2.9721627606285943,4.4188756039648345,6.39099018573761,0.911300003528595
2.9874316586388483,4.489807460334275,6.374577072688512,0.9096999764442444
3.5742214695437924,4.684287241527012,6.375888503327662,0.910099983215332
3.225476868641682,4.178815700791099,6.339159971628433,0.9124000072479248
4.042721706809419,4.663042807579041,7.0243174235026045,0.9199000000953674
3.2516499233968332,4.85708250060226,6.377612325880262,0.9254000186920166
3.054744005203247,4.510924313749586,6.299569852650166,0.927299976348877
3.0647810330757728,4.56285908487108,6.67916991218688,0.9261999726295471
3.364476812608314,4.442486017400568,6.654964103843227,0.9254000186920166
3.8639154997738925,4.24852411963723,6.893078752785675,0.923799991607666
3.7751725789828177,4.250425133440229,5.83724565179939,0.9197999835014343
3.7879564506667003,4.343659180686587,6.641711970170339,0.91839998960495
3.3624686779397908,4.172116083758218,6.2985701113939285,0.9175999760627747
4.079911860552701,4.612888369295332,6.678438061415547,0.916100025177002
3.7992294662528567,4.277310834990607,6.422786294678112,0.9211999773979187
3.9988286226987837,4.570818632076948,6.628252939536021,0.9257000088691711
3.850649759986184,4.990758262981068,6.77997868514258,0.9262999892234802
4.273702164272685,5.157918351037162,6.299240797758102,0.91839998960495
3.4033936738967894,4.952157629860772,6.806315488815308,0.9100000262260437
3.903010732786996,4.5628844738006595,6.918328234354655,0.9136999845504761
3.3895814205918993,4.960782397877086,6.380648250381152,0.9165999889373779
3.7150238264690745,4.202874425969092,6.525977900734654,0.9203000068664551
3.1624408624111076,4.663524532929445,6.590692460889647,0.9229999780654907
3.8964746540242974,5.076865613460541,6.810517330964406,0.9261999726295471
3.906872789065043,4.838776224189335,6.28868047396342,0.9259999990463257
3.6374735938178167,3.9094494448767767,6.971004120508829,0.923799991607666
3.9483356279331248,5.4043827123112145,6.5348421354142445,0.9221000075340271
3.814867287874222,5.350085466558283,6.713886029792555,0.9200999736785889
4.2187915225239365,4.939227201721885,6.006500285045774,0.9182000160217285
3.210154809794583,4.333390929963854,6.569038568224226,0.9146000146865845
3.0880757960406218,3.9765015009677773,6.538075718012723,0.9132000207901001
4.016124443574385,4.562109697948802,6.259537021319072,0.9161999821662903
4.040548094836148,5.035273517881121,6.522444186272559,0.9174000024795532
4.061978400837291,4.747164132859972,6.587676958604292,0.9172999858856201
3.344828643969127,4.9627010689841375,6.698913402027554,0.9151999950408936
3.1088426616456775,4.069217738651094,6.460379307610648,0.9067000150680542
3.4569564028219744,3.7763218296898735,5.779998830954233,0.9039000272750854
3.162579972010392,4.565352695328849,6.849673853470729,0.9089999794960022
4.0487477974458175,4.4825804233551025,6.641925768418745,0.9140999913215637
4.311931585654234,5.2210084199905396,6.514668203317202,0.9144999980926514
4.094260758314377,5.263774763454091,6.414111157258351,0.9211999773979187
4.011390059644525,4.537027025222779,7.041230262409557,0.9241999983787537
4.414973735809326,4.7274031553949625,6.851026713848114,0.9218000173568726
3.230630797999246,5.159937328762478,6.766343779034084,0.9187999963760376
3.8187710636264676,4.455108380317688,6.764314869471959,0.9150999784469604
2.6859488107345917,4.352304381983621,6.87980951155935,0.9168000221252441
3.667129562014625,4.936649250984192,6.642110023498535,0.9182000160217285
3.7531914680432052,4.7344555003302435,6.5244659919005175,0.9228000044822693
3.2949184676011405,4.97625266843372,7.019269448739511,0.9258000254631042
3.5530237342630113,4.59953189558453,6.542663315931956,0.9315999746322632
3.6051116707997446,4.792379760742188,6.635959142293686,0.935699999332428
3.9867240553810483,5.01567851834827,6.5182582254763,0.9343000054359436
3.030988415082296,5.083806991577148,6.962299661202864,0.9243999719619751
2.84705814520518,4.688150337764195,6.750283648570378,0.9146000146865845
3.3226471814242275,4.147559059990777,6.863844558446094,0.9046000242233276
3.530298673113187,4.820405679278903,6.6249159425497055,0.9059000015258789
3.326290187381563,3.897211117403848,7.135353071349008,0.9146000146865845
4.141418892325777,4.944644769032796,6.827486788785016,0.9225999712944031
3.7807395196222995,4.87608802318573,6.886906972953251,0.9280999898910522
4.262651569313473,5.030693598282643,6.775131144075313,0.9254999756813049
4.0167334596900375,5.061373161547111,6.9990158571916465,0.9215999841690063
3.745544410803739,5.224148306581709,7.003852579328749,0.9175999760627747
3.080437595194036,4.5848477227347235,7.0436827300430895,0.9132000207901001
3.320666167762253,4.234253311768557,7.105826071330479,0.9122999906539917
3.791303102175395,5.131008021036783,6.792123063405355,0.9154999852180481
3.4661939700444537,4.756975286536747,6.950985156165229,0.9200000166893005
3.9564695342993126,4.907583613829179,6.823220289670504,0.9264000058174133
4.336024006207784,5.031399926718543,6.5521901204035835,0.9287999868392944
4.035098908164285,3.2402131160100303,7.367339015007019,0.9296000003814697
2.458572578430176,4.513223934173584,6.929366410862316,0.9307000041007996
2.589788550422305,4.873577828840776,6.685772771959181,0.9296000003814697
3.494888824886746,4.599521537621816,7.034047084384494,0.9312000274658203
3.3362289985020954,4.439041514973064,6.893840224402291,0.9315000176429749
3.862970106529467,4.99122165782111,6.716716796159744,0.9343000054359436
3.8505448607298045,4.916750796635946,6.934160338915311,0.9373000264167786
3.5899334975651334,5.119263537724813,6.460032780965169,0.9366000294685364
3.751492254661791,4.677615020956312,6.148102114597957,0.9355000257492065
3.8600104490915936,4.76641089699485,7.13833774653348,0.9315999746322632
3.8880100675991605,4.627257267634074,6.430896828571956,0.9294000267982483
4.113760318511572,4.940984274659838,6.816484923546131,0.9298999905586243
3.740860543648402,4.725776449839274,6.990330119927724,0.9318000078201294
3.8931854400369854,4.754685741204482,6.875940375857883,0.9312999844551086
3.8139289643738294,4.466525650024414,7.218516595023019,0.932699978351593
4.072349541717106,4.779560305674871,7.261692398124271,0.9347000122070312
3.6676374738866633,4.40008114196442,7.080204811963168,0.9350000023841858
3.1989828261462123,4.2110025371824,6.818259363824671,0.9340999722480774
3.7627133713828194,5.275707168456836,7.023547898806059,0.9329000115394592
3.9547225448820327,5.836114253316607,6.890855979919434,0.9330999851226807
3.7576144880718654,4.564337028397454,7.091259431838989,0.9329000115394592
3.4184353308244186,4.525828732384576,6.981145152178677,0.9319000244140625
3.9520657115512425,4.835889747407701,7.324198927879333,0.9307000041007996
3.671148023822091,4.419014599588182,7.368000432297036,0.9279000163078308
3.6255127986272178,4.876196420553959,7.148611671394772,0.9253000020980835
3.77637501027849,4.609787089484079,6.763884991407394,0.9261999726295471
4.4788276468004495,4.829342516985807,6.992830206047405,0.929099977016449
4.073111060592863,4.773724993792447,6.945253343293161,0.9308000206947327
3.5515727446629453,4.322957856314523,6.4873173629844585,0.9301999807357788
3.9218131285725217,4.803632872445243,6.674174477656682,0.9251999855041504
4.095517808046097,4.560234319596064,6.701213779030265,0.9211999773979187
3.9105227318677036,5.131899483998617,6.363249684825088,0.9240000247955322
3.9792974756823645,4.29529459476471,7.11839656829834,0.9296000003814697
3.585736930370331,4.286947303348118,7.440365546279484,0.9369000196456909
2.7072672843933105,3.92168618951525,7.2773732741673784,0.9359999895095825
2.7097654992883857,3.8391652372148304,7.400186122547496,0.9304999709129333
4.121276868714227,4.4612566278531,7.1593863902947845,0.9239000082015991
4.2522822437864365,4.6508006538663595,6.9249155422051745,0.9182000160217285
3.997709109232976,5.102727867308117,6.625306435120412,0.9179999828338623
3.7653239640322598,4.945531871583727,6.693477054075761,0.9212999939918518
3.6425068931920186,4.423268056967679,7.121771672192742,0.9286999702453613
3.90302175283432,4.501504991735731,6.998798489570618,0.9337000250816345
3.5683629751205443,4.9501472654796785,6.994624020217301,0.9336000084877014
3.7555118077679683,4.522181737117278,7.376638430815476,0.9314000010490417
3.775340372148682,5.056971179114448,6.928717161627377,0.926800012588501
3.9287617036274503,5.329260020785862,6.782183772325515,0.9240999817848206
4.14997767266773,4.5028772467658635,7.395109494527181,0.9258000254631042
3.9222837379484465,4.16547507180108,7.296558245023092,0.9284999966621399
3.399571561452114,4.1383493973149195,7.480257837860672,0.930899977684021
3.805362033843994,3.6567679318514736,7.553375140103427,0.9333000183105469
3.781111561890804,4.583255958557129,6.996830383936564,0.9354000091552734
3.903891595204671,5.081254742362282,7.02926005450162,0.9355000257492065
3.9363517250333513,5.658664978875054,6.958870327472686,0.9362999796867371
4.120079735914866,5.279307544231415,6.857933225455107,0.9370999932289124
3.67630865635016,4.299277907326108,6.427103398920416,0.9332000017166138
3.519271284341812,5.255221293522761,6.740913531136891,0.9304999709129333
4.418679991635409,4.970595413988287,7.34270272471688,0.9282000064849854
4.462811508239844,4.794534707069397,7.265620169731287,0.9247000217437744
3.8178442806908577,4.538484891255696,7.228143241670397,0.9215999841690063
4.0110547961769525,5.031217658158504,6.932920186292558,0.9240999817848206
3.621434870633212,4.654198628483397,7.228955796270659,0.9291999936103821
3.890998456213209,5.260833331962037,6.9371805111567175,0.9287999868392944
4.122962520672725,4.786241332689921,7.217065817270523,0.9257000088691711
4.069788558142526,5.327801536727738,6.922087688835299,0.925000011920929
3.636367334259881,4.58932933807373,6.8568263936925815,0.9230999946594238
4.491862223698543,4.9393627643585205,7.149209537676403,0.9247000217437744
4.1015146493911745,5.413491503397624,7.0815487774935635,0.9276999831199646
3.6288233564013526,4.93411456545194,7.0232968846956885,0.9286999702453613
3.37478719552358,3.949888261159261,7.368180153104994,0.9320999979972839
2.9064889081886838,5.067379707760281,6.890869420766831,0.9351000189781189
4.216608822345734,4.899657805760701,6.892001176873843,0.9365000128746033
4.479828027578501,4.783754756233909,7.191920797546189,0.9370999932289124
4.2982611656188965,5.430909889196259,6.980360318113257,0.9361000061035156
4.309040371215705,5.120230518687855,7.047567230282408,0.9326000213623047
4.225601620726533,5.245719773428781,6.841448467604968,0.929099977016449
4.15012949885744,5.030667142073313,7.175908816357453,0.9248999953269958
4.176385073950796,5.480595395678566,6.886952059609549,0.9244999885559082
4.283968837637651,5.045123256336559,7.326834411712355,0.9261999726295471
4.0690390810822,4.628140767415364,6.782705624898274,0.9280999898910522
3.881537478981596,4.647082090377808,7.103956637960492,0.9308000206947327
3.9099346163508657,5.008432266447279,6.200313431876046,0.9315000176429749
3.8416506482495203,5.083009724183516,6.915331801982841,0.9302999973297119
3.3501209815343223,4.159477608544486,7.422799181938172,0.9164000153541565
3.253339707196414,4.101641453637017,7.140979957580567,0.9067999720573425
3.673244297504425,3.7510221799214682,7.418268978595734,0.9160000085830688
4.205263445594094,4.966428503845677,6.999691677815987,0.9301000237464905
4.2635397824374115,4.476708739092856,7.433821284409725,0.9351000189781189
3.57207198937734,4.629447018016468,7.0432825251059095,0.9394000172615051
3.975822697083155,4.69236777888404,6.763589064280192,0.9352999925613403
3.6778715379310376,5.286776455965909,6.865438620249431,0.9253000020980835
3.7445981956663585,5.002313027779262,7.129933372376457,0.9211000204086304
3.8599532322450116,4.890945091392055,6.979732213598309,0.9203000068664551
3.671148585550713,4.607059717178345,7.255353903770446,0.9226999878883362
3.6187740260904486,4.457077022032304,7.4164163376674175,0.9287999868392944
3.587997203403049,4.287329015277681,7.545477880750384,0.9326000213623047
3.6806476839951108,4.0273139987673074,7.416802734136581,0.9358999729156494
3.675163615972568,4.545460096995035,7.112938954279973,0.9361000061035156
3.6677217158404263,5.182842659950256,6.494086564670909,0.9355000257492065
3.573805418881503,4.7586810762232,6.3778622840061665,0.9314000010490417
4.3647262679206005,5.1071553880518135,7.31125168800354,0.9311000108718872
4.4308307062495835,4.993199782712119,6.976043323675792,0.9333999752998352
4.524262758401724,4.724625834396908,7.414676991792826,0.9384999871253967
4.605934262275696,4.705810017055935,7.054454474015669,0.9430999755859375
3.499097217453851,4.665283150143093,7.203208186891344,0.944100022315979
3.12732176317109,4.571373063867743,7.290428209786463,0.9427000284194946
3.9343974620867996,4.534332031673856,7.364845594993004,0.9395999908447266
2.5317758279187337,4.577144295304686,7.125318101474217,0.9345999956130981
3.222593162276528,4.869223238347651,7.128538862451331,0.932200014591217
3.7395182294504985,4.493188051950364,7.479962170124054,0.9301000237464905
3.8595186196840725,4.752300512223017,7.465496246631329,0.9305999875068665
3.329162529536656,4.677685633683816,7.2360348380528965,0.9333000183105469
2.41386418006359,4.8987451394399,7.160840272903442,0.9351000189781189
3.5500233471393585,3.6804066605038113,7.447150313854218,0.9351000189781189
4.223492880662282,5.3897914091746015,7.3753036719102125,0.9362000226974487
4.227784429535721,4.303012664501484,7.256952502788642,0.9365000128746033
2.6337163990194146,4.2045895258585615,7.020852291222774,0.9377999901771545
3.9624335606892904,4.64931293990877,7.205119673411051,0.9413999915122986
3.685872781844366,5.02500965197881,6.78181120705983,0.9427000284194946
4.332746297121048,5.112725898954603,7.2994418919086455,0.9429000020027161
4.6431890581593365,4.950117621156904,7.284301263314706,0.9420999884605408
3.53002842380887,4.8171952196529935,7.441827809810638,0.9438999891281128
3.825438468010871,5.427389303843181,7.130513809976124,0.9442999958992004
3.9210068278842503,5.113598108291626,7.3936883767445885,0.9440000057220459
3.980203758229266,4.8451645557697,7.365517270434034,0.9437999725341797
3.1603997598994864,4.892106440332201,6.964510787617076,0.9423999786376953
2.5437008221944173,4.619171233610674,7.130683819452922,0.9405999779701233
3.604756772518158,4.729519156309275,7.124435782432556,0.9395999908447266
3.812726296318902,4.500625376267867,7.296044570749456,0.9388999938964844
3.3210416967218572,4.849250168511362,7.386216586286372,0.9390000104904175
3.725522687218406,4.913636203968164,7.26056115916281,0.9391999840736389
3.918931309382121,4.57090404178157,7.095914276440938,0.9399999976158142
3.5953718843914215,5.07391602728102,7.094697500864664,0.9404000043869019
3.926580311396183,5.023301402005282,7.260221661387623,0.942300021648407
4.058557131555346,5.213040619106083,6.961878776550293,0.940500020980835
3.904743478153691,5.532793669473557,7.392065996215457,0.9394999742507935
3.179078624465249,4.896071025303432,7.13370940360156,0.9375
2.6759961904848324,4.377975572239269,7.47830292524076,0.9370999932289124
3.963572723524911,4.357480833265517,7.050491535663605,0.9383999705314636
4.047874576028655,4.365780447210584,7.050997443058911,0.9394999742507935
3.1989067879590123,4.418201017379761,7.183926965251113,0.9404000043869019
3.7168552345699735,4.4171628676928005,7.1010568178617035,0.9398000240325928
3.304315349790785,4.3795329087819805,7.254673950488751,0.9351000189781189
3.274753533469306,4.1306274175643924,7.182846794128418,0.9314000010490417
3.4168719397650826,4.512655960429798,7.224370384216309,0.9309999942779541
4.187660333845351,4.126714992523193,7.580227303504944,0.9337999820709229
4.000549295213488,4.654016771770659,7.15821148554484,0.9362999796867371
3.3140934785207112,4.3224399301740855,7.280470665295919,0.9391000270843506
3.431184907393022,4.854019903001332,7.091629517542851,0.9397000074386597
4.048985443331978,5.100585587819418,7.417376531494988,0.9397000074386597
4.562225676245159,4.7144362449646,6.62425029012892,0.9380000233650208
4.3919705781069664,5.141287154621548,6.607966793908013,0.9351999759674072
4.0001596212387085,5.258534556343442,7.067989975611368,0.9348000288009644
3.9486326047352382,4.783466012137277,7.236890233357747,0.9355000257492065
4.808713470186506,4.928497439339047,6.926520654133388,0.9362000226974487
4.56990620656447,5.262707750002543,7.04531949049943,0.9386000037193298
4.073583295712104,4.336787598473685,6.948985700423901,0.9409999847412109
4.658213657992227,4.904887874921163,7.137221276760101,0.9412999749183655
3.3805783017651065,4.190028813150194,7.064870134232536,0.9413999915122986
3.6496927009688482,4.567625031326756,6.859141764817415,0.9427000284194946
3.6161202625794844,4.1902499940660265,7.242561812834306,0.9409000277519226
3.8804014556937747,3.9873013032807245,7.068012590761538,0.9391000270843506
3.287758368434328,4.684915187142112,6.761942346890767,0.9351999759674072
3.9157461086908976,5.001036853501291,6.980965797106425,0.930899977684021
3.4521752632025517,4.359684519334273,7.181634559775844,0.9259999990463257
3.8437709940804377,3.9247831768459744,7.23546190738678,0.919700026512146
3.6625511982502084,3.3235880295435587,7.170985287886399,0.9239000082015991
3.483560631672541,3.8103591941651844,6.727443180386982,0.9358999729156494
3.8940804269578724,4.520735134018792,6.9857711553573605,0.9435999989509583
3.745772105997259,4.872343550788032,7.2563641678203235,0.9373000264167786
3.9436797965656627,4.18626511708284,7.14799770275196,0.9178000092506409
4.4213162750908825,5.247535639339024,7.120873817691097,0.8977000117301941
3.944333072219576,5.187285974290636,7.031516826152801,0.8924000263214111
4.099839862187704,4.601871299021171,7.470537874433729,0.9013000130653381
3.4073327355914644,4.710584497451782,7.348486003008756,0.9132000207901001
3.4731849576487686,3.9822242302553996,7.4193330109119415,0.9236999750137329
4.246137908526829,4.78488873442014,7.312395428854321,0.9320999979972839
4.265645464261373,3.8860086372920444,7.134970169800979,0.9387000203132629
3.924130606651306,4.4873516612000515,7.40492536681039,0.9434999823570251
3.87625515460968,4.645101879324232,7.426219728257921,0.9437999725341797
4.225455029922373,5.244604788886177,7.48503539982964,0.9431999921798706
4.53793994585673,5.261640943180431,7.225375791029497,0.9388999938964844
3.700919287854975,5.493238459933888,6.953845327550715,0.9359999895095825
4.077930559714635,4.402032266963612,7.355039051987908,0.9345999956130981
3.7684036254882813,4.060909827550252,7.648360360752452,0.9358999729156494
3.4193479988310074,4.403587347931332,7.67157145606147,0.9369999766349792
4.098148240492894,4.526404500007629,7.24011994818964,0.9394000172615051
4.522818870014614,4.512483074551537,6.88348590760004,0.9420999884605408
3.9672317609682186,4.85844239321622,7.0321338826959785,0.9437999725341797
4.018933110766941,4.967848830752903,7.212609397040473,0.9452000260353088
4.428043829672264,4.692426323890686,7.551657989621162,0.9463000297546387
4.225119552016258,4.691447501712375,7.396567443013192,0.9463000297546387
4.216800530751546,4.70121536471627,7.498726540141636,0.9455000162124634
3.994505985694773,4.947407529904292,7.406088611119473,0.9448000192642212
4.104925101453608,5.0154108856663555,7.3975240919325085,0.9445000290870667
3.7080487145317926,4.304594547098334,7.675569456273859,0.9440000057220459
4.411691665649414,4.647609336035592,7.651014231145382,0.9438999891281128
4.319919056362576,4.178279304504395,7.7292511622111,0.9417999982833862
3.651013433278262,4.124079810248481,7.7672221830913,0.942300021648407
4.293370899699983,5.18127638560075,7.2882765256441555,0.9401000142097473
3.767005222493952,5.046573321024577,7.312287107690588,0.9416999816894531
3.4088980044637407,5.10471822420756,7.168772051731746,0.9438999891281128
3.5812071594927044,4.8073363675011525,7.376130538516574,0.9458000063896179
4.0332478284835815,4.562141028317538,7.3399672945340475,0.9476000070571899
3.64439677325162,4.399086566404863,7.392359394672488,0.9477999806404114
4.266451165411207,3.92571937470209,7.647942045756749,0.9476000070571899
3.5175648645921185,4.506269847022162,7.516855218193748,0.9480999708175659
3.7821340719858805,4.792969181424096,6.8249755995614185,0.9488000273704529
4.029089391231537,4.963502109618414,7.2186372386084665,0.9477999806404114
4.524259609835489,4.904904258556855,7.499477478174063,0.9441999793052673
3.756802052259445,4.450479584270053,7.706070534388224,0.9426000118255615
3.933685299423006,4.751617431640625,7.500796150278162,0.941100001335144
3.961161908236417,4.997567499076927,7.410739675744788,0.9409000277519226
4.35900616645813,4.238828844494289,7.342997122292567,0.9416999816894531
3.7611102802412852,4.843328926298353,7.2781586448351545,0.9448999762535095
3.927326016353838,5.023212956057654,7.534608213989823,0.9478999972343445
3.778976261615753,4.182198396095862,7.775292141096933,0.9502000212669373
3.8819176572741885,5.1566354910532635,7.581030898623997,0.9506999850273132
4.340315052441189,4.18148964101618,7.596000931479714,0.9484999775886536
3.3722442189852395,4.194319073643003,7.863550557030572,0.9434000253677368
4.267981150211432,4.898195505142212,7.640025847997421,0.939300000667572
4.687322047021654,4.614280929932227,7.695194550049611,0.9361000061035156
4.158432573742337,4.270947456359863,7.864466142654419,0.9387999773025513
4.106935112765341,4.7950251492587,7.585770603382226,0.9412999749183655
4.335349366778419,4.890410603621067,7.683974753369342,0.9452000260353088
3.7110417710410224,5.163967873368945,7.578829669952393,0.9470000267028809
3.255984365285098,4.123897522146051,7.869383604495557,0.9488000273704529
3.6254829672666697,4.749639568906842,7.621532455468789,0.949400007724762
3.9288335910865237,3.868092250823975,7.692682576179505,0.9491000175476074
3.5824373410298276,4.788450840191963,7.650594496868066,0.9484000205993652
3.8983206272125246,5.138918976207356,7.5381196566990445,0.9473000168800354
4.135104258855184,4.686601681368692,7.683318350050184,0.9466999769210815
3.785843686624007,4.843682262632582,7.3850776542316785,0.9453999996185303
4.2085645560062295,4.5110808155753395,7.635254982746009,0.9455000162124634
4.229114366101695,4.597308847639296,7.184715728911143,0.9458000063896179
4.043283258165632,5.604203303654988,7.118665079275767,0.9459999799728394
3.809309222963121,5.0111640186020825,7.381759711106619,0.9470000267028809
4.205945085256528,4.526544430317023,7.676675748542921,0.9476000070571899
3.022182206312815,4.444528239113944,7.127793007426792,0.9484000205993652
3.7937407126793494,4.614066441853841,7.655458162701319,0.949400007724762
4.5655946601520885,4.796565003828569,7.340250665491277,0.9483000040054321
4.181550275195729,4.48566930823856,7.692718510274534,0.9488999843597412
3.8076420625050864,4.479479014873505,7.560354900360108,0.9498999714851379
3.5917377345489734,4.832501459121704,7.102408008141951,0.9509000182151794
3.6911966042085127,3.5221137603123984,7.81524904809817,0.9506999850273132
3.8309350230477075,4.556024359934257,7.273058192597495,0.9495999813079834
3.33454553864219,4.003590864605374,6.5650864210995765,0.948199987411499
3.606028671698137,3.6234183735317655,7.7552439993078055,0.9470999836921692
3.297284706433614,3.6073347939385307,7.849057397842407,0.9466000199317932
3.1171327648740825,4.322859032948812,7.492348982228173,0.9449999928474426
3.4289031505584715,3.4511433654361303,7.798777987740257,0.944100022315979
2.9618888569600657,4.006848265907982,7.699181936003945,0.9449999928474426
3.3994064132372537,4.315889279047648,7.35555100440979,0.9460999965667725
3.7358688910802207,4.417335185739729,7.355120991903638,0.9476000070571899
3.6652629375457764,4.394940119801146,7.394435008366902,0.9498999714851379
3.1204864848743785,3.7907430274145946,7.897530599073931,0.9506999850273132
2.9280430024320427,5.191134309768676,7.253507440740412,0.9510999917984009
3.6648805163123392,4.6591169238090515,6.824689710983122,0.9506000280380249
3.471985125541687,3.819645413330623,7.136625099182129,0.9491999745368958
3.4648139238357545,4.41359003384908,6.665215721130371,0.9473999738693237
